gene_symbol,logfc_dz:494,logfc_dz:1060,logfc_dz:1063,logfc_dz:277,logfc_dz:1061,logfc_dz:310,logfc_dz:1062,mean_logfc,median_logfc,common_experiment,organism
SAA1,0.020529503002762794,,,,,,,0.020529503002762794,0.020529503002762794,,human
CEBPD,0.014828233048319817,0.011609436944127083,,,,,,0.01321883499622345,0.01321883499622345,0.011609436944127083,human
CSE1L-AS1,0.013503946363925934,,,,,,,0.013503946363925934,0.013503946363925934,,human
ZNF713,0.011654200032353401,,,,,,,0.011654200032353401,0.011654200032353401,,human
TXNIP,-0.2968943119049072,0.014698147773742676,-0.012891954742372036,0.0227946974337101,,,,-0.06807335535995662,0.0009030965156853199,0.014698147773742676,human
CXCR4,-0.2566554546356201,,0.10591240227222443,,,,,-0.07537152618169785,-0.07537152618169785,,human
HLA-C,-0.23969116806983948,,-0.0238751582801342,0.03617251664400101,,,,-0.07579793656865756,-0.0238751582801342,,human
H3F3A,-0.16556289792060852,,,,0.035350266844034195,,,-0.06510631553828716,-0.06510631553828716,,human
LBX1,-0.16404813528060913,,,,,-0.018292099237442017,,-0.09117011725902557,-0.09117011725902557,,human
UBC,-0.16277100145816803,,0.021257344633340836,0.050456296652555466,-0.017052829265594482,,-0.017867138609290123,-0.025195465609431266,-0.017052829265594482,,human
ISG20,-0.14808984100818634,,-0.025707829743623734,,,,,-0.08689883537590504,-0.08689883537590504,,human
HMGB2,-0.14693112671375275,,,,-0.03187005594372749,,-0.058977581560611725,-0.07925958807269733,-0.058977581560611725,,human
RPS4X,-0.12561282515525818,-0.05329029634594917,0.03366342931985855,0.0621175542473793,-0.03762325271964073,,-0.04290565475821495,-0.027275174235304196,-0.04026445373892784,-0.05329029634594917,human
CD1A,-0.12530794739723206,,,,,,,-0.12530794739723206,-0.12530794739723206,,human
RPLP0P2,-0.11025117337703705,,,,,,,-0.11025117337703705,-0.11025117337703705,,human
TPT1,-0.10782527178525925,,,0.09247526526451111,0.06405988335609436,,,0.016236625611782074,0.06405988335609436,,human
RPS21,-0.10624305158853531,,,,0.07422780245542526,,,-0.016007624566555023,-0.016007624566555023,,human
RPS6,-0.09942156821489334,-0.01951722986996174,,0.023448539897799492,0.03915296122431755,,,-0.01408432424068451,0.0019656550139188766,-0.01951722986996174,human
HLA-DRB1,-0.098604217171669,,,0.034561771899461746,,,,-0.03202122263610363,-0.03202122263610363,,human
MAL,-0.0977039560675621,,,0.015779243782162666,,,,-0.04096235614269972,-0.04096235614269972,,human
GPR153,-0.09558969736099243,,,,,-0.021279562264680862,,-0.05843462981283665,-0.05843462981283665,,human
TMEM158,-0.09475003927946091,-0.046831708401441574,,,-0.029031377285718918,,,-0.056871041655540466,-0.046831708401441574,-0.046831708401441574,human
RPL10,-0.09406349807977676,,,-0.0345933735370636,,,0.07611676305532455,-0.017513369520505268,-0.0345933735370636,,human
CACNA1I,-0.08762504160404205,,,,,,,-0.08762504160404205,-0.08762504160404205,,human
KLF16,-0.08365850150585175,,,,,,,-0.08365850150585175,-0.08365850150585175,,human
PHOX2A,-0.08168251812458038,,,,,,,-0.08168251812458038,-0.08168251812458038,,human
IGLL5,-0.07831605523824692,,,,,,,-0.07831605523824692,-0.07831605523824692,,human
RPLP0,-0.07729360461235046,,0.014674458652734756,0.0520113967359066,,,,-0.0035359164079030356,0.014674458652734756,,human
HSPA8,-0.07705271989107132,,-0.02297072298824787,-0.04010343179106712,,,0.06648501008749008,-0.018410466145724058,-0.0315370773896575,,human
HLA-J,-0.07693091779947281,,,,,,,-0.07693091779947281,-0.07693091779947281,,human
MCM7,-0.0765322595834732,,,,,,,-0.0765322595834732,-0.0765322595834732,,human
ARHGAP4,-0.07370142638683319,,,,,,,-0.07370142638683319,-0.07370142638683319,,human
PSMA6,-0.07136903703212738,,0.017359919846057892,,,,,-0.027004558593034744,-0.027004558593034744,,human
RPL38,-0.07022979855537415,-0.024051787331700325,-0.09249379485845566,-0.04887692257761955,0.033718425780534744,,0.022141342982649803,-0.029965422426660854,-0.03646435495465994,-0.024051787331700325,human
MZB1,-0.07017559558153152,,0.04957501217722893,,,,,-0.010300291702151299,-0.010300291702151299,,human
ATPIF1,-0.0690319612622261,,,-0.01739083230495453,,,,-0.04321139678359032,-0.04321139678359032,,human
RPL10L,-0.0679936483502388,,,,,,,-0.0679936483502388,-0.0679936483502388,,human
HIST1H4L,-0.06675160676240921,,,,,,-0.026378856971859932,-0.04656523186713457,-0.04656523186713457,,human
GAPDH,-0.06653013080358505,-0.01679885946214199,0.05013061314821243,0.09555503726005554,0.013629832305014133,,,0.015197298489511013,0.013629832305014133,-0.01679885946214199,human
RPL7A,-0.06570524722337723,-0.020258748903870583,-0.015366807579994202,0.02681386098265648,0.01982777938246727,,,-0.010937832668423653,-0.015366807579994202,-0.020258748903870583,human
MIF,-0.06536976248025894,,-0.07395009696483612,-0.014287973754107952,0.03852607682347298,,0.016353385522961617,-0.019745674170553684,-0.014287973754107952,,human
MYB,-0.06476125866174698,,,,,,0.019218435510993004,-0.022771411575376987,-0.022771411575376987,,human
C12orf57,-0.06400987505912781,,-0.026568813249468803,,0.02075609192252159,,,-0.02327419879535834,-0.026568813249468803,,human
GALR3,-0.06325062364339828,,,,,,,-0.06325062364339828,-0.06325062364339828,,human
MYL12A,-0.06259802728891373,0.10515996813774109,,,0.02898683026432991,,,0.023849590371052425,0.02898683026432991,0.10515996813774109,human
RPS12,-0.06162598356604576,,,,,,,-0.06162598356604576,-0.06162598356604576,,human
HNRNPM,-0.06115066260099411,,,,-0.0245050135999918,,,-0.042827838100492954,-0.042827838100492954,,human
PARD6G,-0.06095261499285698,,,,,-0.01822901889681816,,-0.03959081694483757,-0.03959081694483757,,human
HIST1H3A,-0.05957545340061188,,,,,,,-0.05957545340061188,-0.05957545340061188,,human
RPS19,-0.05923277884721756,0.01672046072781086,-0.028194455429911613,,,,0.04315507411956787,-0.006887924857437611,-0.005736997351050377,0.01672046072781086,human
CTDSP2,-0.059163082391023636,,,,,,,-0.059163082391023636,-0.059163082391023636,,human
ANAPC11,-0.05912109091877937,,,,,,,-0.05912109091877937,-0.05912109091877937,,human
HLA-DRB5,-0.057856690138578415,,-0.015507178381085396,0.04001742973923683,,,,-0.01111547959347566,-0.015507178381085396,,human
CDKN2C,-0.05571546033024788,,,,,,,-0.05571546033024788,-0.05571546033024788,,human
HLA-B,-0.05561155080795288,,,0.053842946887016296,,,,-0.0008843019604682922,-0.0008843019604682922,,human
LINC01089,-0.055197421461343765,,,,,,,-0.055197421461343765,-0.055197421461343765,,human
SATB1,-0.05424860864877701,,,-0.017352167516946793,,,,-0.0358003880828619,-0.0358003880828619,,human
IGHG4,-0.05424855649471283,,,,,,,-0.05424855649471283,-0.05424855649471283,,human
HLA-H,-0.05400894954800606,,,,,,,-0.05400894954800606,-0.05400894954800606,,human
C14orf166,-0.05400538444519043,,-0.03814755380153656,,,,,-0.046076469123363495,-0.046076469123363495,,human
RPL3,-0.05360864847898483,,0.021742617711424828,0.0510583333671093,-0.022867310792207718,,0.05367191135883331,0.009999380633234977,0.021742617711424828,,human
RPL19P12,-0.05356597155332565,,,,,,,-0.05356597155332565,-0.05356597155332565,,human
MYL6,-0.05112349987030029,0.0391303114593029,,,,,-0.05361127108335495,-0.021868153164784115,-0.05112349987030029,0.0391303114593029,human
H2AFX,-0.049846798181533813,,,,,,,-0.049846798181533813,-0.049846798181533813,,human
PTTG1,-0.049771178513765335,,-0.01426240149885416,,-0.023608200252056122,,,-0.029213926754891872,-0.023608200252056122,,human
RPL18,-0.04855302721261978,,,,-0.05283374711871147,,0.04074525460600853,-0.020213839908440907,-0.04855302721261978,,human
ARPC3,-0.048225004225969315,,-0.019203631207346916,,0.02079029008746147,,-0.019006432965397835,-0.01641119457781315,-0.019105032086372375,,human
H2AFZ,-0.04816696420311928,-0.022182561457157135,,,,,,-0.035174762830138206,-0.035174762830138206,-0.022182561457157135,human
RPS15A,-0.04809405654668808,-0.02293538860976696,,,0.03920399025082588,,0.021905960515141487,-0.0024798735976219177,-0.0005147140473127365,-0.02293538860976696,human
LCK,-0.04697507247328758,,,,,,,-0.04697507247328758,-0.04697507247328758,,human
HMGN2,-0.046915918588638306,,-0.028582708910107613,,,,,-0.03774931374937296,-0.03774931374937296,,human
PSME1,-0.04679694026708603,,-0.05098656192421913,,,,,-0.04889175109565258,-0.04889175109565258,,human
ZNF467,-0.0466279536485672,,,,,,,-0.0466279536485672,-0.0466279536485672,,human
TK1,-0.046279408037662506,,,,,,,-0.046279408037662506,-0.046279408037662506,,human
LOC439951,-0.04617566242814064,,,,,,,-0.04617566242814064,-0.04617566242814064,,human
UBXN1,-0.04604276269674301,,,,0.013653467409312725,,,-0.016194647643715143,-0.016194647643715143,,human
COX6A1,-0.04599826782941818,,,-0.04743951931595802,0.024569496512413025,,,-0.022956096877654392,-0.04599826782941818,,human
MPP1,-0.04584527015686035,,,,,,-0.020377792418003082,-0.03311153128743172,-0.03311153128743172,,human
UTS2R,-0.04568072408437729,,,,,-0.013053330592811108,,-0.029367027338594198,-0.029367027338594198,,human
CD3D,-0.04560018703341484,,,,,,,-0.04560018703341484,-0.04560018703341484,,human
RPS10,-0.04504232108592987,,-0.1084250882267952,,,,0.02236265316605568,-0.04370158538222313,-0.04504232108592987,,human
RPL37,-0.04486960917711258,,,0.01265045814216137,,,,-0.016109575517475605,-0.016109575517475605,,human
ACTG1,-0.04469391703605652,,0.04536570981144905,0.022519199177622795,-0.035186730325222015,,0.02401379682123661,0.0024036116898059844,0.022519199177622795,,human
BIRC5,-0.04426873102784157,,,,,,,-0.04426873102784157,-0.04426873102784157,,human
BTG1,-0.04323339834809303,,0.041805971413850784,,,,,-0.0007137134671211243,-0.0007137134671211243,,human
NDUFS5,-0.04304521903395653,0.011486428789794445,,,0.05369393154978752,,,0.00737838043520848,0.011486428789794445,0.011486428789794445,human
CCL18,-0.04289500415325165,,,,,,,-0.04289500415325165,-0.04289500415325165,,human
RPL13AP3,-0.042861420661211014,,,,,,,-0.042861420661211014,-0.042861420661211014,,human
EEF1B2,-0.042103271931409836,,,,,,,-0.042103271931409836,-0.042103271931409836,,human
CARS2,-0.041689205914735794,,,,,,,-0.041689205914735794,-0.041689205914735794,,human
SF3B5,-0.04133554548025131,,-0.02600531280040741,,,,,-0.03367042914032936,-0.03367042914032936,,human
NPIPB3,-0.040819548070430756,,,,,,,-0.040819548070430756,-0.040819548070430756,,human
TUBA1C,-0.040186069905757904,,,0.08882355690002441,0.05770549178123474,,,0.03544765959183375,0.05770549178123474,,human
HIST1H4B,-0.0398288294672966,,,,,,0.05764811858534813,0.008909644559025764,0.008909644559025764,,human
GLCCI1,-0.039768531918525696,,,,,,,-0.039768531918525696,-0.039768531918525696,,human
SLC25A3,-0.039662543684244156,,0.04996436461806297,,,,-0.03099084459245205,-0.006896341219544411,-0.03099084459245205,,human
TIMM13,-0.03920469805598259,,,,,,,-0.03920469805598259,-0.03920469805598259,,human
HIST1H3C,-0.039093345403671265,,,,,,,-0.039093345403671265,-0.039093345403671265,,human
EZH2,-0.03907575458288193,,,,,,,-0.03907575458288193,-0.03907575458288193,,human
PTDSS1,-0.03906712681055069,,,,,,,-0.03906712681055069,-0.03906712681055069,,human
SYNGR2,-0.039030205458402634,,,,,,,-0.039030205458402634,-0.039030205458402634,,human
DAZAP2,-0.038637369871139526,,,0.013426700606942177,,,,-0.012605334632098675,-0.012605334632098675,,human
FBXL17,-0.03845849260687828,,,,,,,-0.03845849260687828,-0.03845849260687828,,human
KPNA2,-0.03806250914931297,,0.025042230263352394,,,,0.02155248448252678,0.0028440685321887336,0.02155248448252678,,human
MDH1,-0.03778873011469841,,,-0.08586651086807251,-0.04013735428452492,,,-0.05459753175576528,-0.04013735428452492,,human
CYP2U1,-0.037701189517974854,,,,,,,-0.037701189517974854,-0.037701189517974854,,human
DLGAP3,-0.03739175945520401,,,,,,,-0.03739175945520401,-0.03739175945520401,,human
ISCU,-0.03712303191423416,,0.01493064034730196,,,,,-0.0110961957834661,-0.0110961957834661,,human
PSME2,-0.037096112966537476,,,,,,,-0.037096112966537476,-0.037096112966537476,,human
MYL12B,-0.03707592934370041,0.08401620388031006,-0.06699054688215256,,,,-0.02328898012638092,-0.010834813117980957,-0.030182454735040665,0.08401620388031006,human
C6orf48,-0.0370718352496624,,-0.031561385840177536,,,,,-0.03431661054491997,-0.03431661054491997,,human
RPL10A,-0.03693906590342522,-0.022633515298366547,,0.016697848215699196,0.06467930972576141,,,0.0054511441849172115,-0.0029678335413336754,-0.022633515298366547,human
KIAA1551,-0.03686480596661568,,,,,,-0.052915770560503006,-0.04489028826355934,-0.04489028826355934,,human
RPS2P32,-0.03677305579185486,,,,,,,-0.03677305579185486,-0.03677305579185486,,human
IL7R,-0.036184538155794144,,0.017963841557502747,,,,,-0.009110348299145699,-0.009110348299145699,,human
CD1B,-0.03617030754685402,,,,,,,-0.03617030754685402,-0.03617030754685402,,human
HLA-E,-0.036017581820487976,0.013581248931586742,-0.027018342167139053,0.017185991629958153,,,,-0.008067170856520534,-0.0067185466177761555,0.013581248931586742,human
RPS26,-0.03589954972267151,,0.12280738353729248,,0.014746440574526787,,-0.03253009915351868,0.01728104380890727,-0.008891829289495945,,human
GRIN2D,-0.03581421822309494,,,,,-0.016686761751770973,,-0.026250489987432957,-0.026250489987432957,,human
HERPUD1,-0.03556256741285324,,0.06004193797707558,,,,,0.012239685282111168,0.012239685282111168,,human
EEF1G,-0.03553855046629906,-0.0727589800953865,,0.05103963240981102,-0.15231812000274658,,,-0.05239400453865528,-0.05414876528084278,-0.0727589800953865,human
PABPC1,-0.035470325499773026,,,0.06434886902570724,,,0.016400208696722984,0.0150929174075524,0.016400208696722984,,human
USMG5,-0.03536083921790123,,-0.06385525315999985,,,,,-0.04960804618895054,-0.04960804618895054,,human
OCIAD2,-0.03510134667158127,,,,,-0.013584228232502937,,-0.024342787452042103,-0.024342787452042103,,human
CCNB2,-0.034878846257925034,,,,,,,-0.034878846257925034,-0.034878846257925034,,human
SRSF3,-0.034736789762973785,,,,,,0.04132908210158348,0.0032961461693048477,0.0032961461693048477,,human
AP3D1,-0.03470102325081825,,,,,,,-0.03470102325081825,-0.03470102325081825,,human
C11orf31,-0.03451941907405853,,,,,,,-0.03451941907405853,-0.03451941907405853,,human
NREP,-0.03436680883169174,-0.056211959570646286,,,0.014041585847735405,,,-0.025512394184867542,-0.03436680883169174,-0.056211959570646286,human
NFKBIA,-0.03425459563732147,0.014253344386816025,-0.13630230724811554,0.02021501213312149,0.014728733338415623,,,-0.024271962605416773,0.014253344386816025,0.014253344386816025,human
LCE1D,-0.034252237528562546,,,,,,,-0.034252237528562546,-0.034252237528562546,,human
SLC25A5,-0.033895764499902725,-0.0338878370821476,,-0.03022884391248226,-0.03171849623322487,,-0.02699088677763939,-0.03134436570107937,-0.03171849623322487,-0.0338878370821476,human
CCT2,-0.03380211815237999,,,,,,,-0.03380211815237999,-0.03380211815237999,,human
POTEE,-0.033531803637742996,,,,,,,-0.033531803637742996,-0.033531803637742996,,human
SYCE1L,-0.03340614214539528,,,,,,,-0.03340614214539528,-0.03340614214539528,,human
HSPB1,-0.033384058624506,0.05610595643520355,,0.026987317949533463,-0.046357203274965286,,,0.000838003121316433,-0.003198370337486267,0.05610595643520355,human
PET100,-0.03337935730814934,,,,,,,-0.03337935730814934,-0.03337935730814934,,human
SLC12A7,-0.03334163501858711,,,,,,,-0.03334163501858711,-0.03334163501858711,,human
ANAPC16,-0.03322231024503708,,,,,,,-0.03322231024503708,-0.03322231024503708,,human
LGALS1,-0.03315172716975212,0.06218689680099487,,,0.069605752825737,,,0.03288030748565992,0.06218689680099487,0.06218689680099487,human
CDH24,-0.03277595341205597,,,,,,,-0.03277595341205597,-0.03277595341205597,,human
OSBPL5,-0.032633911818265915,,,,,,,-0.032633911818265915,-0.032633911818265915,,human
RAD21,-0.03255497291684151,,,,,,-0.038857609033584595,-0.03570629097521305,-0.03570629097521305,,human
FKBP2,-0.032535262405872345,,,,,,,-0.032535262405872345,-0.032535262405872345,,human
RPS3,-0.0324845053255558,-0.016802959144115448,0.03796057403087616,0.039350979030132294,-0.05975884944200516,,-0.03995116427540779,-0.01194765418767929,-0.024643732234835625,-0.016802959144115448,human
YWHAB,-0.032373521476984024,,,0.018097229301929474,,,,-0.007138146087527275,-0.007138146087527275,,human
CLPP,-0.032245662063360214,,,,,,,-0.032245662063360214,-0.032245662063360214,,human
RPS7P5,-0.03206847608089447,,,,,,,-0.03206847608089447,-0.03206847608089447,,human
TXN,-0.03170840069651604,,,,-0.026933571323752403,,,-0.02932098601013422,-0.02932098601013422,,human
ARHGEF18,-0.031649477779865265,,,,,,,-0.031649477779865265,-0.031649477779865265,,human
SMARCC2,-0.03162021189928055,,,,,,,-0.03162021189928055,-0.03162021189928055,,human
SF3B1,-0.03153710067272186,,,,,,,-0.03153710067272186,-0.03153710067272186,,human
KRT10,-0.03152003511786461,,,,,,,-0.03152003511786461,-0.03152003511786461,,human
PAIP2,-0.03151741251349449,,,,,,,-0.03151741251349449,-0.03151741251349449,,human
HINT1,-0.03127274289727211,0.015111838467419147,,-0.014113878831267357,0.03797222301363945,,,0.0019243599381297827,0.0004989798180758953,0.015111838467419147,human
ATP5H,-0.031174540519714355,-0.012064793147146702,,-0.0291379913687706,-0.04611692577600479,,,-0.029623562702909112,-0.030156265944242477,-0.012064793147146702,human
EIF3D,-0.03117191046476364,-0.016718845814466476,-0.013321503065526485,,,,,-0.0204040864482522,-0.016718845814466476,-0.016718845814466476,human
RAC2,-0.031117713078856468,,,,,,,-0.031117713078856468,-0.031117713078856468,,human
SNRPD2,-0.031103499233722687,,-0.05320087447762489,,,,,-0.04215218685567379,-0.04215218685567379,,human
UQCRH,-0.03109709732234478,,-0.014807608909904957,-0.06151188910007477,0.014520362950861454,,,-0.023224058095365763,-0.02295235311612487,,human
COTL1,-0.030846524983644485,,,,,,,-0.030846524983644485,-0.030846524983644485,,human
ENTHD2,-0.03064344823360443,,,,,,,-0.03064344823360443,-0.03064344823360443,,human
RPL36A,-0.030578507110476494,,-0.11760750412940979,0.022893812507390976,,,-0.050000473856925964,-0.04382316814735532,-0.04028949048370123,,human
ATXN2L,-0.03047938086092472,,,,,,,-0.03047938086092472,-0.03047938086092472,,human
SDF2L1,-0.030380239710211754,,,,,,,-0.030380239710211754,-0.030380239710211754,,human
EEF2,-0.030349375680088997,-0.026096530258655548,,,0.041313763707876205,,,-0.005044047410289447,-0.026096530258655548,-0.026096530258655548,human
BCL11B,-0.030322574079036713,,,,,,,-0.030322574079036713,-0.030322574079036713,,human
C17orf96,-0.03022018074989319,,,,,,,-0.03022018074989319,-0.03022018074989319,,human
TBCA,-0.02998354658484459,-0.02069317176938057,-0.01600823737680912,,-0.03528202325105667,,,-0.025491744745522738,-0.02533835917711258,-0.02069317176938057,human
CCL19,-0.029719538986682892,,,,,,,-0.029719538986682892,-0.029719538986682892,,human
NDUFAF3,-0.02969301864504814,,,,,,,-0.02969301864504814,-0.02969301864504814,,human
FBRS,-0.02959141694009304,,,,,,,-0.02959141694009304,-0.02959141694009304,,human
CHRNA3,-0.02954043075442314,,,,,,,-0.02954043075442314,-0.02954043075442314,,human
PSMB10,-0.02951996587216854,,,,,,,-0.02951996587216854,-0.02951996587216854,,human
PTCRA,-0.029481608420610428,,,,,,,-0.029481608420610428,-0.029481608420610428,,human
GSTP1,-0.029374802485108376,,-0.013187726959586143,,0.05975577235221863,,,0.005731080969174703,-0.013187726959586143,,human
COX7C,-0.029259487986564636,-0.015352101065218449,,-0.023658117279410362,,,,-0.022756568777064484,-0.023658117279410362,-0.015352101065218449,human
NOP10,-0.029240865260362625,,0.012867646291851997,,0.03406013548374176,,,0.0058956388384103775,0.012867646291851997,,human
RPL17,-0.028956085443496704,-0.03143742308020592,,,,,,-0.03019675426185131,-0.03019675426185131,-0.03143742308020592,human
EIF4G2,-0.028762241825461388,,,,-0.022474579513072968,,,-0.025618410669267178,-0.025618410669267178,,human
COMMD3,-0.028760498389601707,,,,,,,-0.028760498389601707,-0.028760498389601707,,human
CHCHD2,-0.028653306886553764,-0.011919721961021423,-0.02620927430689335,,-0.09436865895986557,,,-0.04028774052858353,-0.027431290596723557,-0.011919721961021423,human
PCBP1,-0.028589557856321335,,-0.016239745542407036,,,,,-0.022414651699364185,-0.022414651699364185,,human
RPS5,-0.02854907140135765,-0.03524984419345856,0.018634460866451263,,0.03195087984204292,,,-0.0033033937215805054,-0.004957305267453194,-0.03524984419345856,human
NDUFB9,-0.028543349355459213,,-0.02345459721982479,,0.016286315396428108,,,-0.011903877059618631,-0.02345459721982479,,human
FBL,-0.028426669538021088,,-0.036880847066640854,,0.015303485095500946,,,-0.016668010503053665,-0.028426669538021088,,human
NPIPB5,-0.028375258669257164,,0.09174081683158875,,-0.03789953887462616,,-0.0589907206594944,-0.008381175342947245,-0.03313739877194166,,human
RPL34,-0.02824663370847702,,-0.1314704567193985,-0.013303479179739952,0.020885884761810303,,,-0.03803367121145129,-0.020775056444108486,,human
YWHAQ,-0.028185591101646423,-0.01280653104186058,-0.025763584300875664,,,,,-0.022251902148127556,-0.025763584300875664,-0.01280653104186058,human
RPSA,-0.02805108018219471,,,-0.02056380920112133,,,,-0.02430744469165802,-0.02430744469165802,,human
SUSD3,-0.027932262048125267,,,,,,,-0.027932262048125267,-0.027932262048125267,,human
FCRLB,-0.027785293757915497,,,,,,,-0.027785293757915497,-0.027785293757915497,,human
VPS28,-0.027740970253944397,,,,,,,-0.027740970253944397,-0.027740970253944397,,human
ARPC5,-0.027717214077711105,0.032848626375198364,,0.01227537076920271,,,,0.005802261022229989,0.01227537076920271,0.032848626375198364,human
ACTB,-0.027594953775405884,0.02809407375752926,,0.15600159764289856,,,0.026087120175361633,0.04564695945009589,0.027090596966445446,0.02809407375752926,human
HCST,-0.027189794927835464,,,,,,,-0.027189794927835464,-0.027189794927835464,,human
ISG15,-0.027001503854990005,0.03527497127652168,0.016606463119387627,-0.01927132159471512,,-0.011124435812234879,,-0.0011031653732061387,-0.011124435812234879,0.03527497127652168,human
POLR2G,-0.026961300522089005,,-0.018558941781520844,,,,,-0.022760121151804924,-0.022760121151804924,,human
AQP3,-0.026959802955389023,,,,,,,-0.026959802955389023,-0.026959802955389023,,human
NDUFA8,-0.026943758130073547,,,-0.013891350477933884,,,,-0.020417554304003716,-0.020417554304003716,,human
RPS10P7,-0.026901068165898323,,,,,,,-0.026901068165898323,-0.026901068165898323,,human
AIF1,-0.0262469369918108,,,,,,,-0.0262469369918108,-0.0262469369918108,,human
NACA2,-0.026190992444753647,,,,,,,-0.026190992444753647,-0.026190992444753647,,human
RPSAP52,-0.026118917390704155,,,,,,,-0.026118917390704155,-0.026118917390704155,,human
HIST1H3E,-0.026066770777106285,,,,,,,-0.026066770777106285,-0.026066770777106285,,human
CD63,-0.026028741151094437,,,0.016407905146479607,,,-0.021571483463048935,-0.010397439822554588,-0.021571483463048935,,human
SSR2,-0.025964749976992607,,,,,,,-0.025964749976992607,-0.025964749976992607,,human
GUK1,-0.025794144719839096,,,,,,,-0.025794144719839096,-0.025794144719839096,,human
EIF3K,-0.02554083988070488,-0.012993444688618183,,-0.016262009739875793,,,0.019405078142881393,-0.008847804041579366,-0.014627727214246988,-0.012993444688618183,human
RPL29,-0.025417985394597054,,-0.01524548139423132,,,,,-0.020331733394414186,-0.020331733394414186,,human
SSRP1,-0.025399966165423393,,,,,,,-0.025399966165423393,-0.025399966165423393,,human
ETFB,-0.02527506649494171,,,,,,,-0.02527506649494171,-0.02527506649494171,,human
KLK3,-0.025251755490899086,,,,,,,-0.025251755490899086,-0.025251755490899086,,human
RPS13,-0.025149332359433174,-0.03384243696928024,,0.04443267360329628,0.06970162689685822,,,0.01378563279286027,0.009641670621931553,-0.03384243696928024,human
RPL6,-0.0250784270465374,-0.016677580773830414,,,-0.01405875850468874,,-0.02739434316754341,-0.02080227737314999,-0.020878003910183907,-0.016677580773830414,human
HLA-DRB3,-0.025069812312722206,,,,,,,-0.025069812312722206,-0.025069812312722206,,human
PSMD7,-0.02496076375246048,,,,-0.027997517958283424,,0.030962128192186356,-0.007332051172852516,-0.02496076375246048,,human
RPS25,-0.024700112640857697,,,,0.04554620757699013,,0.01720322109758854,0.012683105344573656,0.01720322109758854,,human
AKAP17A,-0.02465019002556801,,,,,,,-0.02465019002556801,-0.02465019002556801,,human
RBBP7,-0.024526363238692284,,,,,,-0.046929098665714264,-0.035727730952203274,-0.035727730952203274,,human
TAF7,-0.024516593664884567,,,,,,0.018044793978333473,-0.003235899843275547,-0.003235899843275547,,human
KIAA0101,-0.024453550577163696,,0.012552710250020027,,,,,-0.0059504201635718346,-0.0059504201635718346,,human
HLA-F,-0.024453170597553253,,,,,,,-0.024453170597553253,-0.024453170597553253,,human
GTPBP6,-0.02444291114807129,,,,,,,-0.02444291114807129,-0.02444291114807129,,human
HMGB1,-0.024395572021603584,,,0.03718134015798569,,,,0.0063928840681910515,0.0063928840681910515,,human
PIK3C2B,-0.024310169741511345,,,,,,,-0.024310169741511345,-0.024310169741511345,,human
CLTC,-0.024203579872846603,,,,,,,-0.024203579872846603,-0.024203579872846603,,human
MRPL51,-0.024021269753575325,,,,,,-0.017129629850387573,-0.02057544980198145,-0.02057544980198145,,human
NDUFA13,-0.023989461362361908,,,-0.01703614741563797,,,,-0.02051280438899994,-0.02051280438899994,,human
DPF2,-0.02380690723657608,,,,,,,-0.02380690723657608,-0.02380690723657608,,human
NDUFA4,-0.023654984310269356,,-0.018118366599082947,-0.05044780299067497,0.026791347190737724,,,-0.016357451677322388,-0.02088667545467615,,human
JTB,-0.023561986163258553,0.027162816375494003,,,-0.02390727959573269,,,-0.006768816461165746,-0.023561986163258553,0.027162816375494003,human
HDAC1,-0.02355586178600788,,-0.015449770726263523,,,,,-0.019502816256135702,-0.019502816256135702,,human
NDUFB8,-0.023546814918518066,,,,,,,-0.023546814918518066,-0.023546814918518066,,human
PSMB1,-0.023317746818065643,,,,0.02543511800467968,,,0.0010586855933070183,0.0010586855933070183,,human
RPL35,-0.023286893963813782,,-0.022637851536273956,,0.029007449746131897,,,-0.005639098584651947,-0.022637851536273956,,human
CCDC130,-0.023127498105168343,,,,,,,-0.023127498105168343,-0.023127498105168343,,human
GPANK1,-0.023042554035782814,,,,,,,-0.023042554035782814,-0.023042554035782814,,human
TMBIM6,-0.022951841354370117,,,0.026538332924246788,-0.025507699698209763,,-0.03979799523949623,-0.01542980084195733,-0.02422977052628994,,human
CDCA8,-0.022891880944371223,,,,,,,-0.022891880944371223,-0.022891880944371223,,human
NUP62,-0.022867504507303238,,,,,,,-0.022867504507303238,-0.022867504507303238,,human
ANXA2,-0.022799450904130936,,,0.022809123620390892,,,,4.83635812997818e-06,4.83635812997818e-06,,human
APRT,-0.022772347554564476,,,,,,,-0.022772347554564476,-0.022772347554564476,,human
REPIN1,-0.0227322019636631,,,,,,,-0.0227322019636631,-0.0227322019636631,,human
RPS9,-0.02262335829436779,-0.026131024584174156,,,-0.05418185144662857,,,-0.034312078108390175,-0.026131024584174156,-0.026131024584174156,human
PSMB7,-0.02262173593044281,,,,,,,-0.02262173593044281,-0.02262173593044281,,human
GAA,-0.022465933114290237,,,,,,,-0.022465933114290237,-0.022465933114290237,,human
GTF3A,-0.02245105803012848,,,,,,,-0.02245105803012848,-0.02245105803012848,,human
COX6B1,-0.02241406962275505,,,-0.02818821556866169,0.02998255006968975,,,-0.0068732450405756635,-0.02241406962275505,,human
COX6C,-0.022199902683496475,-0.013398518785834312,-0.03037579543888569,-0.05461056903004646,,,-0.02944241277873516,-0.03000543974339962,-0.02944241277873516,-0.013398518785834312,human
NUP50,-0.02213849499821663,,,,,,,-0.02213849499821663,-0.02213849499821663,,human
ZNF525,-0.022027816623449326,,,,,,-0.04081440344452858,-0.03142111003398895,-0.03142111003398895,,human
OGFR,-0.02185068093240261,,,,,,,-0.02185068093240261,-0.02185068093240261,,human
C6orf62,-0.021624121814966202,,-0.014256180264055729,,,,,-0.017940151039510965,-0.017940151039510965,,human
KXD1,-0.02151774801313877,,,,,,,-0.02151774801313877,-0.02151774801313877,,human
UBD,-0.02149629220366478,,,,,,,-0.02149629220366478,-0.02149629220366478,,human
NDUFB4,-0.02149287797510624,,,,,,,-0.02149287797510624,-0.02149287797510624,,human
NCOR2,-0.021468035876750946,,,,,,,-0.021468035876750946,-0.021468035876750946,,human
LINC00304,-0.021351635456085205,,,,,,,-0.021351635456085205,-0.021351635456085205,,human
RNF167,-0.021286694332957268,,,,,,,-0.021286694332957268,-0.021286694332957268,,human
APBB1IP,-0.021272853016853333,,,,,,,-0.021272853016853333,-0.021272853016853333,,human
GCN1L1,-0.02124141715466976,,,,,,,-0.02124141715466976,-0.02124141715466976,,human
HECA,-0.021040813997387886,,,,,,,-0.021040813997387886,-0.021040813997387886,,human
HLA-A,-0.02103385515511036,0.0411161333322525,,0.05456851050257683,0.018112212419509888,,,0.023190750274807215,0.029614172875881195,0.0411161333322525,human
CUL9,-0.02096632309257984,,,,,,,-0.02096632309257984,-0.02096632309257984,,human
REC8,-0.020820407196879387,,,,,,,-0.020820407196879387,-0.020820407196879387,,human
NUCB2,-0.020756341516971588,,,,,,,-0.020756341516971588,-0.020756341516971588,,human
MTMR14,-0.020680870860815048,,,,,,,-0.020680870860815048,-0.020680870860815048,,human
HDAC7,-0.020648963749408722,,,,,,,-0.020648963749408722,-0.020648963749408722,,human
RANBP1,-0.020642179995775223,,,,,,,-0.020642179995775223,-0.020642179995775223,,human
CMTM7,-0.020599523559212685,,,,,,,-0.020599523559212685,-0.020599523559212685,,human
SAE1,-0.020537344738841057,,,,0.022176871076226234,,,0.0008197631686925888,0.0008197631686925888,,human
DYNLL1,-0.020500877872109413,0.018235037103295326,,,-0.02565244399011135,,,-0.009306094919641813,-0.020500877872109413,0.018235037103295326,human
CBFA2T3,-0.020369000732898712,,,,,,,-0.020369000732898712,-0.020369000732898712,,human
TCF7,-0.020334355533123016,,,,,,,-0.020334355533123016,-0.020334355533123016,,human
LOC100128775,-0.020302029326558113,,,,,,,-0.020302029326558113,-0.020302029326558113,,human
FIP1L1,-0.020230934023857117,,,,,,,-0.020230934023857117,-0.020230934023857117,,human
RPA1,-0.02020655944943428,,,,,,,-0.02020655944943428,-0.02020655944943428,,human
MYPOP,-0.020120305940508842,,,,,,,-0.020120305940508842,-0.020120305940508842,,human
PTPRCAP,-0.020104357972741127,,,,,,,-0.020104357972741127,-0.020104357972741127,,human
TMEM261,-0.020053520798683167,,,,,,,-0.020053520798683167,-0.020053520798683167,,human
PSMB9,-0.020049618557095528,,,,,,,-0.020049618557095528,-0.020049618557095528,,human
SYN1,-0.019972046837210655,,,0.03259308636188507,,,,0.006310519762337208,0.006310519762337208,,human
PNN,-0.019897999241948128,,,,-0.024677755311131477,,,-0.022287877276539803,-0.022287877276539803,,human
MORF4L1,-0.019851069897413254,,-0.019289804622530937,-0.03940814360976219,,,,-0.026183006043235462,-0.019851069897413254,,human
PTPRC,-0.019818725064396858,,,,,,,-0.019818725064396858,-0.019818725064396858,,human
ZAP70,-0.01972663775086403,,,,,,,-0.01972663775086403,-0.01972663775086403,,human
CUTA,-0.01969962939620018,,-0.020141419023275375,-0.028213581070303917,,,,-0.02268487649659316,-0.020141419023275375,,human
POLR3GL,-0.019615450873970985,0.01312803104519844,,,,,,-0.0032437099143862724,-0.0032437099143862724,0.01312803104519844,human
RPS27L,-0.019613472744822502,,,,,,,-0.019613472744822502,-0.019613472744822502,,human
EIF4A3,-0.01961040124297142,,,,,,,-0.01961040124297142,-0.01961040124297142,,human
COX7A2,-0.019528931006789207,,-0.0859169065952301,-0.046775273978710175,0.035590846091508865,,,-0.029157566372305155,-0.03315210249274969,,human
LOC101928068,-0.019514765590429306,,,,,,,-0.019514765590429306,-0.019514765590429306,,human
RPS7,-0.019506925716996193,,,,0.023791518062353134,,,0.0021422961726784706,0.0021422961726784706,,human
PNRC1,-0.01937425695359707,,-0.03233150765299797,,,,,-0.02585288230329752,-0.02585288230329752,,human
H2AFY,-0.01918106898665428,,,,,,,-0.01918106898665428,-0.01918106898665428,,human
MMP9,-0.019094131886959076,,,,,,,-0.019094131886959076,-0.019094131886959076,,human
TCP1,-0.01900705322623253,,,,,,,-0.01900705322623253,-0.01900705322623253,,human
NCAPG,-0.01894111931324005,,,,-0.013670788146555424,,,-0.016305953729897738,-0.016305953729897738,,human
RFTN1,-0.01887406036257744,,,,,,,-0.01887406036257744,-0.01887406036257744,,human
OSTF1,-0.01886528544127941,,,,,,,-0.01886528544127941,-0.01886528544127941,,human
ATP6V0E1,-0.018801579251885414,0.032041843980550766,,,,-0.01438197586685419,,-0.00038057037939627963,-0.01438197586685419,0.032041843980550766,human
CMTM3,-0.018553748726844788,,,,,,,-0.018553748726844788,-0.018553748726844788,,human
WDFY4,-0.018504854291677475,,,,,,,-0.018504854291677475,-0.018504854291677475,,human
UBALD2,-0.018499812111258507,,,,,,,-0.018499812111258507,-0.018499812111258507,,human
GSK3A,-0.01848047599196434,,,,,,,-0.01848047599196434,-0.01848047599196434,,human
ZNF706,-0.018424922600388527,,,0.018971942365169525,,,,0.0002735098823904991,0.0002735098823904991,,human
S100A6,-0.01842103712260723,0.0781671330332756,,0.01600067876279354,0.24805553257465363,,,0.08095057681202888,0.04708390589803457,0.0781671330332756,human
SEP15,-0.018383020535111427,0.013713080435991287,,,-0.015299691818654537,,,-0.006656543972591559,-0.015299691818654537,0.013713080435991287,human
ZDHHC20,-0.018343564122915268,,,,,,,-0.018343564122915268,-0.018343564122915268,,human
ALDOA,-0.01810232736170292,,,-0.03699447214603424,,,,-0.02754839975386858,-0.02754839975386858,,human
SSR4,-0.01802356168627739,0.02660231664776802,,,,,,0.0042893774807453156,0.0042893774807453156,0.02660231664776802,human
FDPS,-0.017993642017245293,,,,,,,-0.017993642017245293,-0.017993642017245293,,human
RNASEH2C,-0.017934445291757584,,,,,,,-0.017934445291757584,-0.017934445291757584,,human
ATP1B3,-0.017917277291417122,,,,,,,-0.017917277291417122,-0.017917277291417122,,human
TYMS,-0.017905576154589653,,,,-0.034928370267152786,,0.037512414157390594,-0.005107177421450615,-0.017905576154589653,,human
SLC12A9,-0.01788569986820221,,,,,,,-0.01788569986820221,-0.01788569986820221,,human
HNRNPA1,-0.017883911728858948,,0.025892751291394234,,,,-0.06686089187860489,-0.0196173507720232,-0.017883911728858948,,human
SNORA78,-0.01786225661635399,,,,,,,-0.01786225661635399,-0.01786225661635399,,human
C9orf62,-0.017849866300821304,,,,,,,-0.017849866300821304,-0.017849866300821304,,human
SOX1,-0.017829982563853264,,,,,,,-0.017829982563853264,-0.017829982563853264,,human
CD1C,-0.017823385074734688,,,,,,,-0.017823385074734688,-0.017823385074734688,,human
RPL21,-0.017782293260097504,-0.01229773834347725,,0.029700562357902527,0.08375690877437592,,,0.020844359882175922,0.008701412007212639,-0.01229773834347725,human
NBPF15,-0.017782088369131088,,,,,,,-0.017782088369131088,-0.017782088369131088,,human
SNRNP200,-0.017746364697813988,,,,,,,-0.017746364697813988,-0.017746364697813988,,human
NPEPL1,-0.017671264708042145,,,,,,,-0.017671264708042145,-0.017671264708042145,,human
ZNRD1,-0.01766762137413025,,,,,,,-0.01766762137413025,-0.01766762137413025,,human
TCF3,-0.01762271113693714,,,,,,,-0.01762271113693714,-0.01762271113693714,,human
SAT2,-0.017605021595954895,,,,,,,-0.017605021595954895,-0.017605021595954895,,human
SLAMF1,-0.01756318472325802,,,,,,,-0.01756318472325802,-0.01756318472325802,,human
DDB2,-0.017490360885858536,,,,,,,-0.017490360885858536,-0.017490360885858536,,human
POLR2F,-0.017471954226493835,,,,,,0.028687549754977226,0.005607797764241695,0.005607797764241695,,human
RRM1,-0.017330434173345566,,,,,,,-0.017330434173345566,-0.017330434173345566,,human
GLRX5,-0.017288701608777046,,,,0.02582121267914772,,,0.004266255535185337,0.004266255535185337,,human
ASPM,-0.01726066879928112,,,,-0.014392905868589878,,,-0.0158267873339355,-0.0158267873339355,,human
CHURC1,-0.01724620722234249,,,,,,,-0.01724620722234249,-0.01724620722234249,,human
EIF3M,-0.017229625955224037,-0.015861328691244125,,,,,-0.04583396390080452,-0.02630830618242423,-0.017229625955224037,-0.015861328691244125,human
HLA-DPA1,-0.017228038981556892,,-0.06830087304115295,,,,,-0.04276445601135492,-0.04276445601135492,,human
COL4A2,-0.017200255766510963,,,,,,,-0.017200255766510963,-0.017200255766510963,,human
METAP2,-0.01712884195148945,,,,,,,-0.01712884195148945,-0.01712884195148945,,human
ATP6V0A1,-0.0170865710824728,,,,,,,-0.0170865710824728,-0.0170865710824728,,human
SRSF9,-0.01708037778735161,,,,0.053267739713191986,,,0.01809368096292019,0.01809368096292019,,human
TOMM7,-0.017065705731511116,-0.014735792763531208,,,0.0665161982178688,,,0.011571566574275494,-0.014735792763531208,-0.014735792763531208,human
SCYL1,-0.017051417380571365,,,,,,,-0.017051417380571365,-0.017051417380571365,,human
BRI3,-0.016991939395666122,0.0134395407512784,,,0.015255322679877281,,,0.0039009746784965196,0.0134395407512784,0.0134395407512784,human
GSN,-0.016989439725875854,,,,,,,-0.016989439725875854,-0.016989439725875854,,human
BMF,-0.016981637105345726,,,,,,,-0.016981637105345726,-0.016981637105345726,,human
VAV1,-0.016958553344011307,,,,,,,-0.016958553344011307,-0.016958553344011307,,human
TMEM9B,-0.016941213980317116,,,,,,,-0.016941213980317116,-0.016941213980317116,,human
MED13L,-0.01690760999917984,,,,,,,-0.01690760999917984,-0.01690760999917984,,human
CD74,-0.016885794699192047,,,0.09099116921424866,,,,0.037052687257528305,0.037052687257528305,,human
SMARCA4,-0.016841990873217583,,,,,,,-0.016841990873217583,-0.016841990873217583,,human
KIAA1429,-0.016803191974759102,,,,,,,-0.016803191974759102,-0.016803191974759102,,human
TMEM59,-0.016716668382287025,0.039881955832242966,,,,,,0.01158264372497797,0.01158264372497797,0.039881955832242966,human
IFNGR1,-0.016710219904780388,,,,,,,-0.016710219904780388,-0.016710219904780388,,human
LAGE3,-0.016694890335202217,,,,,,,-0.016694890335202217,-0.016694890335202217,,human
MGEA5,-0.016648711636662483,,,,,,,-0.016648711636662483,-0.016648711636662483,,human
EVL,-0.0166345052421093,-0.020494619384407997,,,,,,-0.018564562313258648,-0.018564562313258648,-0.020494619384407997,human
MRPL16,-0.016619233414530754,,,,,,,-0.016619233414530754,-0.016619233414530754,,human
LINC01002,-0.016606871038675308,,,,,,,-0.016606871038675308,-0.016606871038675308,,human
EDF1,-0.01659281551837921,,,,,,0.018998045474290848,0.0012026149779558182,0.0012026149779558182,,human
UQCRFS1,-0.016565706580877304,-0.015657620504498482,0.014608663506805897,-0.03390221670269966,,,,-0.012879220070317388,-0.016111663542687893,-0.015657620504498482,human
COX17,-0.01655660942196846,0.01482649240642786,,,,,,-0.0008650585077702999,-0.0008650585077702999,0.01482649240642786,human
GGA1,-0.016540465876460075,,,,,,,-0.016540465876460075,-0.016540465876460075,,human
PPP1CA,-0.01653955690562725,,,,,,,-0.01653955690562725,-0.01653955690562725,,human
SHFM1,-0.016513556241989136,,,,0.02835160121321678,,,0.005919022485613823,0.005919022485613823,,human
TCEB1,-0.01651345193386078,,,,,,,-0.01651345193386078,-0.01651345193386078,,human
CCDC28A,-0.016503771767020226,,,,,,,-0.016503771767020226,-0.016503771767020226,,human
TINF2,-0.01648392342031002,,,,,,,-0.01648392342031002,-0.01648392342031002,,human
RHOH,-0.01643950305879116,,,,,,,-0.01643950305879116,-0.01643950305879116,,human
ENO1,-0.01640685647726059,,,0.022188253700733185,0.0781731829047203,,0.03674410656094551,0.030174671672284603,0.029466180130839348,,human
GPI,-0.016393868252635002,,-0.012647331692278385,0.016873955726623535,,,,-0.004055748072763284,-0.012647331692278385,,human
SPINT2,-0.016352305188775063,,,,,,,-0.016352305188775063,-0.016352305188775063,,human
S1PR4,-0.01628918945789337,,,,,,,-0.01628918945789337,-0.01628918945789337,,human
EFTUD2,-0.01627674512565136,,,,,,,-0.01627674512565136,-0.01627674512565136,,human
DDX1,-0.016268586739897728,,,-0.020455431193113327,,,0.03116118721663952,-0.0018542769054571788,-0.016268586739897728,,human
PFN1,-0.016267158091068268,0.05629585683345795,-0.01566706784069538,0.014434889890253544,0.046313170343637466,,,0.01702193822711706,0.014434889890253544,0.05629585683345795,human
TAX1BP1,-0.0162533950060606,0.022711336612701416,,,-0.01734030246734619,,-0.0295906662940979,-0.010118256788700819,-0.016796848736703396,0.022711336612701416,human
IGFBP7,-0.016115207225084305,0.13680118322372437,,,,0.013775458559393883,,0.044820478186011314,0.013775458559393883,0.13680118322372437,human
NUDT1,-0.016112348064780235,,-0.013139902614057064,,,,,-0.01462612533941865,-0.01462612533941865,,human
SNHG5,-0.016044946387410164,-0.14125974476337433,-0.03483371064066887,,-0.18757492303848267,,,-0.094928331207484,-0.0880467277020216,-0.14125974476337433,human
GLRX,-0.016010280698537827,0.017394335940480232,,,0.01530501153320074,,,0.005563022258381049,0.01530501153320074,0.017394335940480232,human
PSMD4,-0.01600007154047489,,,,,,,-0.01600007154047489,-0.01600007154047489,,human
REPS1,-0.015994196757674217,,,,,,,-0.015994196757674217,-0.015994196757674217,,human
PDCD6,-0.015921873971819878,0.012332247570157051,,,,,,-0.0017948132008314133,-0.0017948132008314133,0.012332247570157051,human
RSRC2,-0.01587304100394249,,0.014978052116930485,,,,-0.01800638623535633,-0.006300458374122779,-0.01587304100394249,,human
DDX47,-0.01584768295288086,,0.022413328289985657,,,,,0.0032828226685523987,0.0032828226685523987,,human
IGKC,-0.01578591763973236,,,,,,,-0.01578591763973236,-0.01578591763973236,,human
PPIL3,-0.01573387160897255,,0.034322816878557205,,,,,0.009294472634792328,0.009294472634792328,,human
LGALS2,-0.015719212591648102,,,,,,,-0.015719212591648102,-0.015719212591648102,,human
PSMB3,-0.01568673923611641,,-0.05305270105600357,,0.020990431308746338,,,-0.015916336327791214,-0.01568673923611641,,human
CFL1P1,-0.015567278489470482,,,,,,,-0.015567278489470482,-0.015567278489470482,,human
BRK1,-0.015549863688647747,,,,,,,-0.015549863688647747,-0.015549863688647747,,human
CHMP4A,-0.015544234775006771,,,,,,,-0.015544234775006771,-0.015544234775006771,,human
NDUFS3,-0.015502987429499626,,,,,,,-0.015502987429499626,-0.015502987429499626,,human
TUFM,-0.015387712977826595,,,,,,,-0.015387712977826595,-0.015387712977826595,,human
RPS3A,-0.015370004810392857,,-0.033954691141843796,,,,-0.031052442267537117,-0.026792379406591255,-0.031052442267537117,,human
RAP1B,-0.015353254042565823,,0.02361268177628517,,,,,0.0041297138668596745,0.0041297138668596745,,human
MAGED1,-0.015327400527894497,,-0.029513711109757423,-0.025145214051008224,,,,-0.023328775229553383,-0.025145214051008224,,human
IGFBP2,-0.015219897963106632,,,,0.05074165761470795,,,0.017760879825800657,0.017760879825800657,,human
PPIAP30,-0.015199312008917332,,,,,,,-0.015199312008917332,-0.015199312008917332,,human
BRD8,-0.015189342200756073,,,,,,,-0.015189342200756073,-0.015189342200756073,,human
PCNA,-0.014972434379160404,,0.022772053256630898,,,,,0.0038998094387352467,0.0038998094387352467,,human
H3F3B,-0.01496450137346983,,0.02864765003323555,0.03802533075213432,,,,0.017236159803966682,0.02864765003323555,,human
NDC80,-0.014955530874431133,,,,-0.013908108696341515,,,-0.014431819785386324,-0.014431819785386324,,human
SORL1,-0.014947579242289066,,,-0.021807311102747917,,,,-0.018377445172518492,-0.018377445172518492,,human
DUSP2,-0.014887520112097263,,0.015802038833498955,,,,,0.0004572593607008457,0.0004572593607008457,,human
INPP5D,-0.01487993635237217,,,,,,,-0.01487993635237217,-0.01487993635237217,,human
NDUFA11,-0.014760006219148636,,,,,,,-0.014760006219148636,-0.014760006219148636,,human
GUSB,-0.014754725620150566,,,,,,,-0.014754725620150566,-0.014754725620150566,,human
EID1,-0.014673387631773949,,,,,,,-0.014673387631773949,-0.014673387631773949,,human
USP1,-0.014660258777439594,,,,,,,-0.014660258777439594,-0.014660258777439594,,human
HNRNPA1L2,-0.014654199592769146,,,,,,,-0.014654199592769146,-0.014654199592769146,,human
TRIM24,-0.014626636169850826,,,,,,,-0.014626636169850826,-0.014626636169850826,,human
PLXND1,-0.014620987698435783,,,,,,,-0.014620987698435783,-0.014620987698435783,,human
TRAM1,-0.014618580229580402,0.0990404561161995,,,,,,0.042210937943309546,0.042210937943309546,0.0990404561161995,human
SS18L2,-0.01461648941040039,,0.02154594659805298,,-0.025446366518735886,,0.021163586527109146,0.0006616692990064621,0.0032735485583543777,,human
RHOA,-0.01459685992449522,0.03858955577015877,,0.04118120297789574,,,,0.021724632941186428,0.03858955577015877,0.03858955577015877,human
MAML1,-0.014585774391889572,,,,,,,-0.014585774391889572,-0.014585774391889572,,human
CLEC3B,-0.014583418145775795,,,,,,,-0.014583418145775795,-0.014583418145775795,,human
SELK,-0.014573955908417702,,,,,,,-0.014573955908417702,-0.014573955908417702,,human
CLIC4,-0.014519952237606049,0.015499425120651722,,,,,,0.0004897364415228367,0.0004897364415228367,0.015499425120651722,human
NDUFA2,-0.014472431503236294,,,,0.019847676157951355,,,0.0026876223273575306,0.0026876223273575306,,human
IFFO1,-0.01441999338567257,,,,,,,-0.01441999338567257,-0.01441999338567257,,human
TMX1,-0.014416552148759365,,,,,,,-0.014416552148759365,-0.014416552148759365,,human
FAM110A,-0.014392527751624584,,,,,,,-0.014392527751624584,-0.014392527751624584,,human
C11orf73,-0.014391070231795311,,,,,,,-0.014391070231795311,-0.014391070231795311,,human
NDUFA3,-0.01433531939983368,,-0.029175810515880585,-0.014677619561553001,,,0.028484411537647247,-0.0074260844849050045,-0.01450646948069334,,human
TUBB,-0.014319237321615219,-0.013986053876578808,-0.03298630937933922,0.016234606504440308,-0.01989227719604969,-0.01348345447331667,0.031330808997154236,-0.006728845249329295,-0.013986053876578808,-0.013986053876578808,human
SCP2,-0.014318181201815605,,,,,,,-0.014318181201815605,-0.014318181201815605,,human
CCM2,-0.01428834069520235,,,,,,,-0.01428834069520235,-0.01428834069520235,,human
HLA-DQA2,-0.014282888732850552,,,,,,,-0.014282888732850552,-0.014282888732850552,,human
PWP1,-0.014263086952269077,,,,,,,-0.014263086952269077,-0.014263086952269077,,human
MSH6,-0.014255255460739136,,,,0.017435777932405472,,,0.001590261235833168,0.001590261235833168,,human
TNRC6C,-0.014241381548345089,,,,,,,-0.014241381548345089,-0.014241381548345089,,human
NDUFV2,-0.014240040443837643,,,,,,,-0.014240040443837643,-0.014240040443837643,,human
USP9X,-0.014231357723474503,,,,,,-0.02950415201485157,-0.021867754869163036,-0.021867754869163036,,human
HDHD2,-0.014185501262545586,,,,,,,-0.014185501262545586,-0.014185501262545586,,human
NELFE,-0.014164646156132221,,,,,,,-0.014164646156132221,-0.014164646156132221,,human
SMDT1,-0.014163748361170292,,,,,,,-0.014163748361170292,-0.014163748361170292,,human
LSP1,-0.014157101511955261,,,,,,,-0.014157101511955261,-0.014157101511955261,,human
CCT3,-0.01414574310183525,,,,,,0.02020244486629963,0.003028350882232189,0.003028350882232189,,human
UBE2S,-0.014116859994828701,,,,,,,-0.014116859994828701,-0.014116859994828701,,human
COX4I1,-0.014093434438109398,,0.012412576004862785,,,,,-0.0008404292166233063,-0.0008404292166233063,,human
LAMTOR5,-0.014067823067307472,,,,,,,-0.014067823067307472,-0.014067823067307472,,human
MRFAP1,-0.014050339348614216,,0.02604946307837963,,-0.016501976177096367,,,-0.001500950815776984,-0.014050339348614216,,human
TMEM42,-0.014047634787857533,,,,,,,-0.014047634787857533,-0.014047634787857533,,human
FKBP3,-0.014016667380928993,,,,,,,-0.014016667380928993,-0.014016667380928993,,human
FN1,-0.013981862924993038,,,,,,,-0.013981862924993038,-0.013981862924993038,,human
EN2,-0.013980677351355553,,,,,,,-0.013980677351355553,-0.013980677351355553,,human
AURKAIP1,-0.013951737433671951,,,,0.01376292947679758,,,-9.440397843718529e-05,-9.440397843718529e-05,,human
ACVR2B,-0.013947836123406887,,,,,,,-0.013947836123406887,-0.013947836123406887,,human
RGCC,-0.013842313550412655,0.013746753334999084,,0.026786046102643013,,,,0.00889682862907648,0.013746753334999084,0.013746753334999084,human
CCZ1B,-0.0138417799025774,,,,0.017650624737143517,,,0.0019044224172830582,0.0019044224172830582,,human
POTEF,-0.013785157352685928,,,,,,,-0.013785157352685928,-0.013785157352685928,,human
ATP6V1F,-0.013781092129647732,,,,,,,-0.013781092129647732,-0.013781092129647732,,human
PSMD8,-0.01377726998180151,,,,,,,-0.01377726998180151,-0.01377726998180151,,human
CCNDBP1,-0.013741803355515003,,0.01303508598357439,,,,,-0.0003533586859703064,-0.0003533586859703064,,human
RAVER1,-0.013725465163588524,,,,,,,-0.013725465163588524,-0.013725465163588524,,human
FAM96B,-0.013721647672355175,,,,,,,-0.013721647672355175,-0.013721647672355175,,human
GSTO1,-0.013721466064453125,-0.0214651208370924,,-0.0210875254124403,0.024903500452637672,,,-0.007842652965337038,-0.017404495738446712,-0.0214651208370924,human
AAGAB,-0.01371813751757145,,,,,,,-0.01371813751757145,-0.01371813751757145,,human
HPS6,-0.013708687387406826,,,,,,,-0.013708687387406826,-0.013708687387406826,,human
SKAP1,-0.013674763962626457,,,,,,,-0.013674763962626457,-0.013674763962626457,,human
SIT1,-0.013667676597833633,,,,,,,-0.013667676597833633,-0.013667676597833633,,human
SNRPC,-0.013663250021636486,,-0.016756748780608177,,,,,-0.015209999401122332,-0.015209999401122332,,human
HLA-F-AS1,-0.013647599145770073,,,,,,,-0.013647599145770073,-0.013647599145770073,,human
C20orf24,-0.013630865141749382,,,,,,,-0.013630865141749382,-0.013630865141749382,,human
AHSA2,-0.013630838133394718,,,,,,,-0.013630838133394718,-0.013630838133394718,,human
CLNS1A,-0.013594395481050014,,,,,,,-0.013594395481050014,-0.013594395481050014,,human
CASP3,-0.013500197790563107,,,,,,0.023045076057314873,0.004772439133375883,0.004772439133375883,,human
SARAF,-0.013484691269695759,0.030812658369541168,,-0.03438786789774895,,,,-0.005686633599301179,-0.013484691269695759,0.030812658369541168,human
ENY2,-0.013482649810612202,,,,,,-0.030691709369421005,-0.022087179590016603,-0.022087179590016603,,human
CALR,-0.013468031771481037,,,,,,0.03584623709321022,0.011189102660864592,0.011189102660864592,,human
KIF2C,-0.013461866416037083,,,,,,,-0.013461866416037083,-0.013461866416037083,,human
PRMT7,-0.013457170687615871,,,,,,,-0.013457170687615871,-0.013457170687615871,,human
NDUFA1,-0.013435620814561844,0.02065940946340561,-0.019148455932736397,-0.019288359209895134,0.05569860339164734,,,0.004897115379571914,-0.013435620814561844,0.02065940946340561,human
HLA-DOA,-0.013430262915790081,,,,,,,-0.013430262915790081,-0.013430262915790081,,human
RRP36,-0.013424075208604336,,,,,,,-0.013424075208604336,-0.013424075208604336,,human
TRAF3IP3,-0.013409892097115517,,,,,,,-0.013409892097115517,-0.013409892097115517,,human
SNRPD3,-0.013405927456915379,,-0.019802384078502655,,,,,-0.016604155767709017,-0.016604155767709017,,human
ATP5I,-0.013329568319022655,,-0.02610621601343155,-0.017445988953113556,,,,-0.018960591095189255,-0.017445988953113556,,human
NMT1,-0.013329324312508106,,,,,,,-0.013329324312508106,-0.013329324312508106,,human
SLC29A1,-0.01332769077271223,,,,,,,-0.01332769077271223,-0.01332769077271223,,human
DYNC1H1,-0.013294731266796589,,,,,,,-0.013294731266796589,-0.013294731266796589,,human
TMEM259,-0.01328173466026783,,,,,,,-0.01328173466026783,-0.01328173466026783,,human
WDR1,-0.01320172194391489,,,,,-0.01453481987118721,,-0.01386827090755105,-0.01386827090755105,,human
ECI1,-0.013193637132644653,,,,,,,-0.013193637132644653,-0.013193637132644653,,human
LCP2,-0.013186494819819927,,,,,,,-0.013186494819819927,-0.013186494819819927,,human
CNP,-0.01315068919211626,,,0.01231288630515337,,,,-0.0004189014434814453,-0.0004189014434814453,,human
IGLV@,-0.013140152208507061,,,,,,,-0.013140152208507061,-0.013140152208507061,,human
CHMP2A,-0.013114004395902157,,,,,,,-0.013114004395902157,-0.013114004395902157,,human
MFNG,-0.013093911111354828,,,,,,,-0.013093911111354828,-0.013093911111354828,,human
NCSTN,-0.013093246147036552,0.013536063022911549,,,,,,0.0002214084379374981,0.0002214084379374981,0.013536063022911549,human
DDX23,-0.013072501868009567,,,,,,,-0.013072501868009567,-0.013072501868009567,,human
SH3TC1,-0.013065165840089321,,,,,,,-0.013065165840089321,-0.013065165840089321,,human
RNF7,-0.013032817281782627,,,,,,,-0.013032817281782627,-0.013032817281782627,,human
PSMD9,-0.01299344003200531,,,,,,,-0.01299344003200531,-0.01299344003200531,,human
MGRN1,-0.01299221534281969,,,,,,,-0.01299221534281969,-0.01299221534281969,,human
LOC100130331,-0.012977472506463528,,,,,,,-0.012977472506463528,-0.012977472506463528,,human
SEC31B,-0.012965166941285133,,-0.02711423486471176,-0.028005916625261307,,,,-0.022695106143752735,-0.02711423486471176,,human
SERF2,-0.012956150807440281,0.016700923442840576,,,,,,0.0018723863177001476,0.0018723863177001476,0.016700923442840576,human
C1orf35,-0.012921178713440895,,,,,,,-0.012921178713440895,-0.012921178713440895,,human
ACTR3,-0.012916159816086292,0.012787571176886559,,,0.01781085692346096,,,0.005894089428087075,0.012787571176886559,0.012787571176886559,human
HNRNPA2B1,-0.01289214938879013,,,,,,-0.034671224653720856,-0.023781687021255493,-0.023781687021255493,,human
SLC41A3,-0.01287164632230997,,,,,,,-0.01287164632230997,-0.01287164632230997,,human
PPP1CC,-0.01286293100565672,-0.012506172060966492,,,-0.016662266105413437,,-0.03662428632378578,-0.019663913873955607,-0.014762598555535078,-0.012506172060966492,human
MTRNR2L2,-0.012852666899561882,,,,,,,-0.012852666899561882,-0.012852666899561882,,human
EIF3E,-0.012838772498071194,-0.0474703274667263,0.01742115430533886,0.02224627695977688,-0.020741529762744904,,-0.04625649005174637,-0.014606614752362171,-0.01679015113040805,-0.0474703274667263,human
FTL,-0.01283101737499237,0.014738913625478745,0.021154657006263733,0.11886933445930481,-0.014962357468903065,,,0.02539390604943037,0.014738913625478745,0.014738913625478745,human
DRAP1,-0.012821031734347343,,,,,,,-0.012821031734347343,-0.012821031734347343,,human
PLTP,-0.012786843813955784,,,0.016617832705378532,,,,0.0019154944457113743,0.0019154944457113743,,human
CHTF18,-0.01278501097112894,,,,,,,-0.01278501097112894,-0.01278501097112894,,human
RUFY1,-0.012780972756445408,,,,,,,-0.012780972756445408,-0.012780972756445408,,human
DROSHA,-0.012754653580486774,,0.015329473651945591,,,,,0.0012874100357294083,0.0012874100357294083,,human
MAT2B,-0.012746406719088554,,,,,,,-0.012746406719088554,-0.012746406719088554,,human
GPBP1,-0.012733540497720242,,,,,,,-0.012733540497720242,-0.012733540497720242,,human
CKS2,-0.01271070633083582,,0.03173435106873512,,-0.042289212346076965,,,-0.007755189202725887,-0.01271070633083582,,human
TBC1D13,-0.012682341039180756,,,,,,,-0.012682341039180756,-0.012682341039180756,,human
SNX3,-0.01268221065402031,,-0.017893295735120773,,,,,-0.015287753194570541,-0.015287753194570541,,human
TRPV2,-0.012670530006289482,,,,,-0.012013974599540234,,-0.012342252302914858,-0.012342252302914858,,human
SLC20A1,-0.012666990049183369,,,,,,,-0.012666990049183369,-0.012666990049183369,,human
SNRPD1,-0.012648767791688442,,,,,,,-0.012648767791688442,-0.012648767791688442,,human
BRD1,-0.012640880420804024,,,,,,,-0.012640880420804024,-0.012640880420804024,,human
MX1,-0.012616245076060295,0.05937358736991882,0.036699336022138596,,,0.027596421539783478,,0.02776327496394515,0.03214787878096104,0.05937358736991882,human
ABRACL,-0.012592184357345104,,,,,,,-0.012592184357345104,-0.012592184357345104,,human
CCNG2,-0.012591280974447727,,,,,,,-0.012591280974447727,-0.012591280974447727,,human
SLA,-0.012569725513458252,,,,,,,-0.012569725513458252,-0.012569725513458252,,human
SYMPK,-0.012506581842899323,,,,,,,-0.012506581842899323,-0.012506581842899323,,human
MINOS1,-0.012502034194767475,,,,,,,-0.012502034194767475,-0.012502034194767475,,human
CWC15,-0.012501311488449574,,,,,,,-0.012501311488449574,-0.012501311488449574,,human
PRPF8,-0.012441370636224747,,,,0.017103681340813637,,,0.002331155352294445,0.002331155352294445,,human
FAM195B,-0.012436489574611187,,,,,,,-0.012436489574611187,-0.012436489574611187,,human
CDK6,-0.01242907252162695,,,,,,,-0.01242907252162695,-0.01242907252162695,,human
MARCH9,-0.012424420565366745,,,,,,,-0.012424420565366745,-0.012424420565366745,,human
USP20,-0.012422503903508186,,,,,,,-0.012422503903508186,-0.012422503903508186,,human
RNF181,-0.012405729852616787,,,,,,,-0.012405729852616787,-0.012405729852616787,,human
CLTA,-0.012401913292706013,,,,,,,-0.012401913292706013,-0.012401913292706013,,human
DNAJC9,-0.012400640174746513,,,,,,,-0.012400640174746513,-0.012400640174746513,,human
NEDD8,-0.012388069182634354,,-0.02447500452399254,-0.013560481369495392,,,,-0.01680785169204076,-0.013560481369495392,,human
ARL6IP1,-0.012363382615149021,,0.019824190065264702,,,,0.037030454725027084,0.014830420725047588,0.019824190065264702,,human
APOE,-0.01235329918563366,,,,0.019392354413866997,,,0.0035195276141166687,0.0035195276141166687,,human
COA3,-0.012345811352133751,,,,,,,-0.012345811352133751,-0.012345811352133751,,human
ECT2,-0.012297594919800758,,,,,,,-0.012297594919800758,-0.012297594919800758,,human
DUT,-0.012293921783566475,,0.017307743430137634,,,,,0.0025069108232855797,0.0025069108232855797,,human
OST4,-0.012292053550481796,0.015528579242527485,,,,,,0.0016182628460228443,0.0016182628460228443,0.015528579242527485,human
SRI,-0.012285921722650528,,,,,,-0.037945814430713654,-0.02511586807668209,-0.02511586807668209,,human
HSPE1,-0.012260964140295982,,,,,,,-0.012260964140295982,-0.012260964140295982,,human
SRSF11,-0.012223094701766968,,,,,,-0.017730778083205223,-0.014976936392486095,-0.014976936392486095,,human
RARS2,-0.012221071869134903,,,,,,,-0.012221071869134903,-0.012221071869134903,,human
MRPL41,-0.01221457589417696,,,,,,,-0.01221457589417696,-0.01221457589417696,,human
SH2D1A,-0.01219821348786354,,,,,,,-0.01219821348786354,-0.01219821348786354,,human
PSAP,-0.012190829031169415,,0.013220823369920254,0.0331011563539505,-0.0162054393440485,,,0.00448142783716321,0.0005149971693754196,,human
MRPL53,-0.012136182747781277,,,,,,,-0.012136182747781277,-0.012136182747781277,,human
DNAJA1,-0.012134944088757038,,0.016535785049200058,,-0.029815729707479477,,-0.01653672568500042,-0.01048790360800922,-0.014335834886878729,,human
MAGEH1,-0.012102552689611912,,,,,,,-0.012102552689611912,-0.012102552689611912,,human
TMEM263,-0.01206804346293211,,,,,,,-0.01206804346293211,-0.01206804346293211,,human
CD97,-0.012052426114678383,,0.047937557101249695,,,,,0.017942565493285656,0.017942565493285656,,human
SMC4,-0.012047833763062954,,,,,,-0.018655020743608475,-0.015351427253335714,-0.015351427253335714,,human
GTF3C6,-0.011990386992692947,,,,,,-0.03152358904480934,-0.021756988018751144,-0.021756988018751144,,human
CIT,-0.011899765580892563,,,,,,,-0.011899765580892563,-0.011899765580892563,,human
HMMR,-0.011893180198967457,,,,,,,-0.011893180198967457,-0.011893180198967457,,human
PSMA7,-0.011866150423884392,,,,,,,-0.011866150423884392,-0.011866150423884392,,human
OCIAD1,-0.011780774220824242,,,,,,,-0.011780774220824242,-0.011780774220824242,,human
ATP6V1G1,-0.011768587864935398,0.013093017973005772,,,-0.027580909430980682,,,-0.008752159774303436,-0.011768587864935398,0.013093017973005772,human
RELB,-0.01176504883915186,,,,,0.010892416350543499,,-0.00043631624430418015,-0.00043631624430418015,,human
YBX1,-0.011763534508645535,-0.021089855581521988,-0.06012629345059395,0.0186657402664423,-0.025800827890634537,,,-0.02002295423299074,-0.021089855581521988,-0.021089855581521988,human
BRD7,-0.011739987879991531,,,,-0.013869608752429485,,,-0.012804798316210508,-0.012804798316210508,,human
PALM2-AKAP2,-0.011731404811143875,,-0.018977126106619835,,,,,-0.015354265458881855,-0.015354265458881855,,human
EBNA1BP2,-0.011727802455425262,,,,,,0.02561846934258938,0.006945333443582058,0.006945333443582058,,human
XRCC6,-0.01172690186649561,,,,-0.024265900254249573,,,-0.01799640106037259,-0.01799640106037259,,human
MCM6,-0.011714559979736805,,,,,,0.018792910501360893,0.003539175260812044,0.003539175260812044,,human
PAXIP1,-0.011706199496984482,,,,,,,-0.011706199496984482,-0.011706199496984482,,human
C6orf1,-0.011699379421770573,,,,,,,-0.011699379421770573,-0.011699379421770573,,human
SAT1,-0.011658335104584694,,-0.032233260571956635,,,,,-0.021945797838270664,-0.021945797838270664,,human
ROMO1,-0.011627092026174068,,,,0.03702791780233383,,,0.012700412888079882,0.012700412888079882,,human
PMPCB,-0.011593014933168888,,,,,,,-0.011593014933168888,-0.011593014933168888,,human
TIMMDC1,-0.011573150753974915,,,,,,,-0.011573150753974915,-0.011573150753974915,,human
DSP,-0.011561177670955658,,,,,,,-0.011561177670955658,-0.011561177670955658,,human
VOPP1,-0.01154165156185627,,0.014684459194540977,-0.013750334270298481,,,,-0.0035358422125379243,-0.01154165156185627,,human
PPP2R5C,-0.011531413532793522,,,,,,,-0.011531413532793522,-0.011531413532793522,,human
SNRPF,-0.011490510776638985,-0.011614520102739334,,,-0.016832765191793442,,-0.04095557704567909,-0.020223343279212713,-0.014223642647266388,-0.011614520102739334,human
MBNL1,-0.011480012908577919,,,,,,,-0.011480012908577919,-0.011480012908577919,,human
ZFP62,-0.011469840072095394,,,,,,,-0.011469840072095394,-0.011469840072095394,,human
ERH,-0.011443467810750008,,-0.017040817067027092,,,,0.028531022369861603,1.5579164028167725e-05,-0.011443467810750008,,human
PABPN1,-0.011441068723797798,,,,,,,-0.011441068723797798,-0.011441068723797798,,human
P4HB,-0.011415706016123295,0.01233940664678812,,,,,,0.0004618503153324127,0.0004618503153324127,0.01233940664678812,human
PHPT1,-0.011406457051634789,0.011989174410700798,,,,,,0.00029135867953300476,0.00029135867953300476,0.011989174410700798,human
B2M,-0.011395955458283424,0.10017752647399902,0.018726106733083725,0.11461637169122696,,,-0.020569074898958206,0.04031099490821362,0.018726106733083725,0.10017752647399902,human
RAN,-0.011391300708055496,,,,,,,-0.011391300708055496,-0.011391300708055496,,human
INAFM1,-0.011390437372028828,,,,,,,-0.011390437372028828,-0.011390437372028828,,human
IFI30,-0.01136765070259571,,0.01601182296872139,,,,,0.0023220861330628395,0.0023220861330628395,,human
LZTFL1,-0.011348070576786995,,,,,,,-0.011348070576786995,-0.011348070576786995,,human
SRGN,-0.011340382508933544,0.02659016102552414,0.014220599085092545,0.019035974517464638,,-0.022325104102492332,,0.005236249603331089,0.014220599085092545,0.02659016102552414,human
NDUFB3,-0.011320793069899082,,,-0.012982451356947422,0.025286894291639328,,,0.0003278832882642746,-0.011320793069899082,,human
CCDC97,-0.011318814009428024,,,,,,,-0.011318814009428024,-0.011318814009428024,,human
UBE2T,-0.011271029710769653,,,,,,,-0.011271029710769653,-0.011271029710769653,,human
FKBP5,-0.011266043409705162,,,,,,,-0.011266043409705162,-0.011266043409705162,,human
SOD1,,0.07946272194385529,0.0593077689409256,0.09780357778072357,0.014954225160181522,,0.07948213815689087,0.06620208639651537,0.07946272194385529,0.07946272194385529,human
ATP5O,,0.03168070316314697,,,0.08349917829036713,,0.07946372032165527,0.06488120059172313,0.07946372032165527,0.03168070316314697,human
RPL35A,,-0.03168647363781929,,,0.05466252565383911,,0.059650763869285583,0.027542271961768467,0.05466252565383911,-0.03168647363781929,human
CSTB,,0.06892158091068268,,0.07096581161022186,0.052593231201171875,,0.058704547584056854,0.06279629282653332,0.06381306424736977,0.06892158091068268,human
SLIRP,,-0.011951055377721786,,,0.06313753873109818,,0.05540432408452034,0.035530269145965576,0.05540432408452034,-0.011951055377721786,human
ANXA1,,0.08511200547218323,,,,,0.04905035346746445,0.06708117946982384,0.06708117946982384,0.08511200547218323,human
UBB,,0.03101804479956627,-0.01936512254178524,-0.02202416956424713,,,0.04875175654888153,0.009595127310603857,0.005826461128890514,0.03101804479956627,human
HIST1H4C,,-0.03509291261434555,-0.1015242338180542,,0.15807077288627625,,0.045632656663656235,0.016771570779383183,0.005269872024655342,-0.03509291261434555,human
RNA18S5,,-0.015614502131938934,,,-0.03961202874779701,,0.04454255476593971,-0.0035613253712654114,-0.015614502131938934,-0.015614502131938934,human
RPS27,,0.015466022305190563,0.021291866898536682,0.027290813624858856,0.04047764092683792,,0.04376131668686867,0.02965753208845854,0.027290813624858856,0.015466022305190563,human
HMGN1,,0.031894341111183167,0.03505489230155945,0.01899258978664875,,,0.040901150554418564,0.03171074343845248,0.03347461670637131,0.031894341111183167,human
RPL12,,-0.021265817806124687,,0.015220102854073048,0.03025604411959648,,0.03380724415183067,0.014504393329843879,0.022738073486834764,-0.021265817806124687,human
LDHA,,0.03614402189850807,0.09170498698949814,-0.03329235315322876,0.02767275646328926,,0.03290000557899475,0.031025883555412293,0.03290000557899475,0.03614402189850807,human
GJA1,,0.16145998239517212,,0.08637943863868713,-0.049194976687431335,-0.04365124553442001,0.03214003145694733,0.03742664605379105,0.03214003145694733,0.16145998239517212,human
ILF2,,-0.011029263958334923,,,0.022511102259159088,,0.030377117916941643,0.013952985405921936,0.022511102259159088,-0.011029263958334923,human
RPS2,,-0.04513278231024742,,,-0.02632555179297924,,0.030024398118257523,-0.013811311994989714,-0.02632555179297924,-0.04513278231024742,human
CIRBP,,0.012638762593269348,,,,,0.029904041439294815,0.02127140201628208,0.02127140201628208,0.012638762593269348,human
S100A4,,0.2459586262702942,0.1011727824807167,,0.016509979963302612,,0.027580630034208298,0.09780550468713045,0.0643767062574625,0.2459586262702942,human
HIST1H2BK,,0.019533805549144745,,,,,0.026319732889533043,0.022926769219338894,0.022926769219338894,0.019533805549144745,human
RPS18,,-0.032237280160188675,-0.06820187717676163,0.04846958816051483,0.026202378794550896,,0.024263693019747734,-0.00030069947242736814,0.024263693019747734,-0.032237280160188675,human
EMP3,,0.027868201956152916,,,,,0.0241902656853199,0.026029233820736408,0.026029233820736408,0.027868201956152916,human
MYC,,-0.011855575256049633,,,,,0.024086007848381996,0.0061152162961661816,0.0061152162961661816,-0.011855575256049633,human
PTTG1IP,,0.018727224320173264,0.042819712311029434,0.07440850138664246,0.02401639334857464,0.01249204482883215,0.023568594828248024,0.03267207850391666,0.02379249408841133,0.018727224320173264,human
MGST2,,0.012297632172703743,,,,,0.023148957639932632,0.017723294906318188,0.017723294906318188,0.012297632172703743,human
C1QBP,,-0.01551761757582426,-0.017474306747317314,,-0.0356435589492321,,0.02257405035197735,-0.011515358230099082,-0.016495962161570787,-0.01551761757582426,human
GNB2L1,,0.019410260021686554,0.022667296230793,,0.022675391286611557,,0.021948909386992455,0.02167546423152089,0.022308102808892727,0.019410260021686554,human
FAM98A,,0.013504219241440296,,,,,0.021061450242996216,0.017282834742218256,0.017282834742218256,0.013504219241440296,human
RPL36AL,,0.019304946064949036,,,0.04635388404130936,,0.017830677330493927,0.027829835812250774,0.019304946064949036,0.019304946064949036,human
RPL27,,-0.011786460876464844,-0.12087684124708176,-0.02037881873548031,0.02704412117600441,,0.017214655876159668,-0.021756668761372566,-0.011786460876464844,-0.011786460876464844,human
TPM2,,0.011884350329637527,,,,-0.02726343646645546,0.016652895137667656,0.00042460300028324127,0.011884350329637527,0.011884350329637527,human
SLC2A3,,-0.029969491064548492,,,0.046560000628232956,,-0.10296737402677536,-0.028792288154363632,-0.029969491064548492,-0.029969491064548492,human
DAD1,,0.011457997374236584,-0.029301846399903297,,,,-0.06735864281654358,-0.0284008306140701,-0.029301846399903297,0.011457997374236584,human
ALDH1A1,,0.12987099587917328,,,,,-0.05432342365384102,0.03777378611266613,0.03777378611266613,0.12987099587917328,human
SLC38A2,,0.024544864892959595,-0.042370159178972244,0.029515381902456284,0.01590127870440483,,-0.05324776843190193,-0.005131280422210694,0.01590127870440483,0.024544864892959595,human
IFITM2,,0.08366944640874863,0.048787668347358704,0.032580483704805374,0.01566697098314762,,-0.05264855548739433,0.0256112027913332,0.032580483704805374,0.08366944640874863,human
ATP5B,,0.01586807519197464,,-0.041142538189888,-0.02456369809806347,,-0.052193135023117065,-0.025507824029773474,-0.032853118143975735,0.01586807519197464,human
HSP90B1,,0.022254200652241707,,,,,-0.05121305584907532,-0.014479427598416805,-0.014479427598416805,0.022254200652241707,human
RPL5,,-0.02928495965898037,,,,,-0.04530692845582962,-0.037295944057404995,-0.037295944057404995,-0.02928495965898037,human
BEX1,,-0.011627559550106525,,-0.060025546699762344,,,-0.045186638832092285,-0.03894658169398705,-0.045186638832092285,-0.011627559550106525,human
TIMP3,,0.05934177711606026,,,,,-0.04419291391968727,0.007574431598186493,0.007574431598186493,0.05934177711606026,human
PFDN5,,0.017339486628770828,-0.03963743895292282,0.02349528856575489,,,-0.04021555930376053,-0.009754555765539408,-0.011148976162075996,0.017339486628770828,human
TUBA1B,,0.031942661851644516,,0.06140250712633133,-0.018095463514328003,,-0.037906140089035034,0.009335891343653202,0.0069235991686582565,0.031942661851644516,human
HSD17B12,,0.012066671624779701,,0.02560289204120636,,,-0.03637492656707764,0.0004315456996361415,0.012066671624779701,0.012066671624779701,human
HNRNPD,,-0.02796231210231781,,,-0.06265206634998322,,-0.03361452370882034,-0.04140963405370712,-0.03361452370882034,-0.02796231210231781,human
UQCRHL,,-0.01953429915010929,,,-0.02590177394449711,,-0.032646309584379196,-0.026027460892995197,-0.02590177394449711,-0.01953429915010929,human
SEC61G,,0.013895696960389614,,,0.02982856146991253,,-0.031375348567962646,0.004116303287446499,0.013895696960389614,0.013895696960389614,human
NSA2,,-0.021030165255069733,,,-0.027932021766901016,,-0.027248209342360497,-0.02540346545477708,-0.027248209342360497,-0.021030165255069733,human
EIF3L,,-0.03640339523553848,,,0.016765905544161797,,-0.02639003098011017,-0.015342506890495619,-0.02639003098011017,-0.03640339523553848,human
MSN,,0.017128176987171173,,,,,-0.025492411106824875,-0.004182117059826851,-0.004182117059826851,0.017128176987171173,human
RPS29,,-0.010769261047244072,-0.09154203534126282,,0.03434581309556961,,-0.024428153410553932,-0.023098409175872803,-0.017598707228899002,-0.010769261047244072,human
EIF3H,,-0.01205500029027462,,,-0.017266662791371346,,-0.023919422179460526,-0.01774702842036883,-0.017266662791371346,-0.01205500029027462,human
ANP32B,,-0.012187995947897434,,,0.0446334183216095,,-0.022822683677077293,0.0032075795655449233,-0.012187995947897434,-0.012187995947897434,human
HNRNPA1P33,,-0.01740586757659912,,,-0.07049863785505295,,-0.022290479391813278,-0.036731661607821785,-0.022290479391813278,-0.01740586757659912,human
TIMP1,,0.03669385239481926,,,-0.02328486368060112,,-0.01928774267435074,-0.001959584653377533,-0.01928774267435074,0.03669385239481926,human
LDHB,,-0.02469664253294468,,,,,-0.018750885501503944,-0.021723764017224312,-0.021723764017224312,-0.02469664253294468,human
CAP1,,0.020214509218931198,,,,,-0.01754116266965866,0.0013366732746362686,0.0013366732746362686,0.020214509218931198,human
IFITM1,,0.06640296429395676,0.08164600282907486,0.02842406928539276,,,,0.05882434546947479,0.06640296429395676,0.06640296429395676,human
PRDX1,,0.02268042415380478,0.07197987288236618,0.012626866810023785,0.06445776671171188,,,0.04293623263947666,0.04356909543275833,0.02268042415380478,human
ID2,,-0.01217356976121664,0.0708717629313469,,,,,0.029349096585065126,0.029349096585065126,-0.01217356976121664,human
RPL13A,,-0.02096540667116642,0.06810282915830612,0.04362626373767853,0.01959860511124134,,,0.027590572834014893,0.031612434424459934,-0.02096540667116642,human
CD99,,0.016964513808488846,0.05858932062983513,,,,,0.03777691721916199,0.03777691721916199,0.016964513808488846,human
DDIT4,,-0.017088979482650757,0.04787902161478996,0.02559833973646164,0.02653653360903263,,,0.02073122886940837,0.026067436672747135,-0.017088979482650757,human
CTHRC1,,-0.03300216794013977,0.04410717263817787,,,,,0.005552502349019051,0.005552502349019051,-0.03300216794013977,human
C1orf54,,-0.011270621791481972,0.04159964621067047,,,,,0.01516451220959425,0.01516451220959425,-0.011270621791481972,human
TCF4,,0.011831634677946568,0.03895052149891853,,,,,0.02539107808843255,0.02539107808843255,0.011831634677946568,human
ID3,,0.02629653550684452,0.038920555263757706,,,,,0.03260854538530111,0.03260854538530111,0.02629653550684452,human
IFITM3,,0.10539921373128891,0.03844236209988594,0.1252726912498474,-0.05846451595425606,,,0.05266243778169155,0.07192078791558743,0.10539921373128891,human
SOCS2,,0.025293774902820587,0.03791605308651924,,,,,0.031604913994669914,0.031604913994669914,0.025293774902820587,human
LTA4H,,-0.017484499141573906,0.036073993891477585,,-0.022410934790968895,,,-0.0012738133470217388,-0.017484499141573906,-0.017484499141573906,human
DPYSL2,,0.01136060617864132,0.03479526564478874,-0.023797953501343727,0.0218976940959692,,,0.011063903104513884,0.01662915013730526,0.01136060617864132,human
ATP5J,,0.025469660758972168,0.03281028941273689,,0.02614714205265045,,,0.028142364074786503,0.02614714205265045,0.025469660758972168,human
FTH1,,-0.011004517786204815,0.030421722680330276,0.03434806317090988,,,,0.017921756021678448,0.030421722680330276,-0.011004517786204815,human
DHRS3,,-0.018959196284413338,0.02971319481730461,,,,,0.005376999266445637,0.005376999266445637,-0.018959196284413338,human
SPCS1,,0.015482297167181969,0.02499494142830372,,0.01368117518723011,,,0.018052804594238598,0.015482297167181969,0.015482297167181969,human
EIF2S3,,-0.013562305830419064,0.021667789667844772,,,,,0.004052741918712854,0.004052741918712854,-0.013562305830419064,human
CHST15,,0.016252074390649796,0.020609436556696892,,,,,0.018430755473673344,0.018430755473673344,0.016252074390649796,human
OAZ1,,0.025953825563192368,0.020460892468690872,-0.016285257413983345,,,,0.010043153539299965,0.020460892468690872,0.025953825563192368,human
SUMO3,,0.013855268247425556,0.0185745470225811,0.013691098429262638,0.01880841888487339,,,0.01623233314603567,0.01621490763500333,0.013855268247425556,human
SLC7A5,,0.01948832906782627,0.018428346142172813,0.02654847502708435,0.031222190707921982,,,0.023921835236251354,0.02301840204745531,0.01948832906782627,human
RAB9A,,-0.013922439888119698,0.01727193407714367,,,,,0.0016747470945119858,0.0016747470945119858,-0.013922439888119698,human
IFNGR2,,0.016139967367053032,0.016134774312376976,,0.02250863052904606,0.014327683486044407,,0.01727776392363012,0.016137370839715004,0.016139967367053032,human
PRNP,,0.03354429453611374,0.0154748959466815,0.018863702192902565,,,,0.02262763089189927,0.018863702192902565,0.03354429453611374,human
CD81,,0.07392406463623047,0.015022740699350834,0.050436146557331085,-0.02878599241375923,,,0.02764923986978829,0.03272944362834096,0.07392406463623047,human
SNHG8,,0.019309435039758682,0.014917527325451374,,,,,0.017113481182605028,0.017113481182605028,0.019309435039758682,human
MRPS6,,0.0710626170039177,0.01490217074751854,,0.04132548347115517,0.014687180519104004,,0.03549436293542385,0.028113827109336853,0.0710626170039177,human
AEBP1,,0.03543003648519516,0.01414040569216013,,,,,0.024785221088677645,0.024785221088677645,0.03543003648519516,human
RPS4Y1,,0.062327686697244644,-0.15987528860569,-0.057383254170417786,0.13006410002708435,0.016663912683725357,,-0.0016405686736106872,0.016663912683725357,0.062327686697244644,human
RPS11,,-0.025670431554317474,-0.14837025105953217,-0.029721936210989952,0.03691918030381203,,,-0.04171085963025689,-0.027696183882653713,-0.025670431554317474,human
SLC25A6,,-0.023239770904183388,-0.1212310791015625,,0.04546286165714264,,,-0.03300266278286775,-0.023239770904183388,-0.023239770904183388,human
RPL19,,-0.030785078182816505,-0.09349896758794785,0.03906944766640663,0.017982520163059235,,,-0.01680801948532462,-0.006401279009878635,-0.030785078182816505,human
CTGF,,0.16273567080497742,-0.07997778058052063,,-0.03800829127430916,,,0.014916532983382544,-0.03800829127430916,0.16273567080497742,human
PDLIM1,,0.01643366739153862,-0.0794791430234909,,0.029529698193073273,,,-0.011171925812959671,0.01643366739153862,0.01643366739153862,human
RPL9,,-0.016682086512446404,-0.06554951518774033,,,,,-0.041115800850093365,-0.041115800850093365,-0.016682086512446404,human
UBA52,,-0.01300631184130907,-0.06235276162624359,,-0.02667350135743618,,,-0.03401085827499628,-0.02667350135743618,-0.01300631184130907,human
RPS20,,0.04967988654971123,-0.05173633247613907,,0.08639038354158401,,,0.02811131253838539,0.04967988654971123,0.04967988654971123,human
SET,,-0.01089603640139103,-0.05014260858297348,,,,,-0.030519322492182255,-0.030519322492182255,-0.01089603640139103,human
PPA1,,-0.014017957262694836,-0.04125489667057991,-0.01764237880706787,,,,-0.024305077580114205,-0.01764237880706787,-0.014017957262694836,human
CCNI,,-0.02075035497546196,-0.041094567626714706,-0.04788100719451904,,,,-0.0365753099322319,-0.041094567626714706,-0.02075035497546196,human
RPL30,,-0.012836766429245472,-0.029892005026340485,0.05816376954317093,0.04779890924692154,,,0.015808476833626628,0.017481071408838034,-0.012836766429245472,human
RNASEK,,0.010742422193288803,-0.029242906719446182,,,,,-0.00925024226307869,-0.00925024226307869,0.010742422193288803,human
EZR,,0.022153910249471664,-0.029015446081757545,,-0.016206985339522362,-0.01316857524216175,,-0.009059274103492498,-0.014687780290842056,0.022153910249471664,human
C1orf198,,0.030317315831780434,-0.021969135850667953,,,,,0.00417408999055624,0.00417408999055624,0.030317315831780434,human
CLIC1,,0.012086128816008568,-0.021945802494883537,,0.032661907374858856,,,0.007600744565327962,0.012086128816008568,0.012086128816008568,human
RPS17,,-0.035278577357530594,-0.021552674472332,,0.04107699543237686,,,-0.005251418799161911,-0.021552674472332,-0.035278577357530594,human
BASP1,,-0.0859973207116127,-0.021520907059311867,-0.06246412172913551,-0.058669231832027435,,,-0.05716289533302188,-0.060566676780581474,-0.0859973207116127,human
MARCKSL1,,-0.02430775575339794,-0.020674072206020355,0.02517738938331604,0.021221160888671875,,,0.00035418057814240456,0.0002735443413257599,-0.02430775575339794,human
TAX1BP3,,0.011146415024995804,-0.019308248534798622,,,,,-0.004080916754901409,-0.004080916754901409,0.011146415024995804,human
NPC2,,0.012944563291966915,-0.01713215932250023,0.02605636790394783,0.014306580647826195,,,0.009043838130310178,0.013625571969896555,0.012944563291966915,human
RPL4,,-0.022195518016815186,-0.016373736783862114,0.05000774562358856,,,,0.0038128302743037543,-0.016373736783862114,-0.022195518016815186,human
CDK2AP1,,0.03383093327283859,-0.016178904101252556,0.01582495868206024,0.07029543071985245,,,0.02594310464337468,0.024827945977449417,0.03383093327283859,human
MARCKS,,0.04016922414302826,-0.01561014261096716,,0.021018527448177338,,,0.015192536326746145,0.021018527448177338,0.04016922414302826,human
TCEAL3,,0.013635635375976562,-0.01427681464701891,,,,,-0.0003205896355211735,-0.0003205896355211735,0.013635635375976562,human
APEX1,,-0.01294022612273693,-0.01417052187025547,,,,,-0.0135553739964962,-0.0135553739964962,-0.01294022612273693,human
DUSP1,,0.03132463991641998,-0.01366540975868702,,,,,0.008829615078866482,0.008829615078866482,0.03132463991641998,human
CDH2,,0.16793730854988098,,,0.030949844047427177,-0.014485303312540054,,0.0614672830949227,0.030949844047427177,0.16793730854988098,human
THBS1,,0.1415388286113739,,,,-0.05613389238715172,,0.04270246811211109,0.04270246811211109,0.1415388286113739,human
CITED2,,0.1381502002477646,,,0.048905253410339355,,,0.09352772682905197,0.09352772682905197,0.1381502002477646,human
CCND1,,0.13460423052310944,,,,-0.013657004572451115,,0.06047361297532916,0.06047361297532916,0.13460423052310944,human
EFHD1,,0.11942773312330246,,0.01446760818362236,,,,0.06694767065346241,0.06694767065346241,0.11942773312330246,human
BGN,,0.11782096326351166,,,,,,0.11782096326351166,0.11782096326351166,0.11782096326351166,human
PRDX6,,0.11266235262155533,,0.01565847545862198,0.02283858135342598,,,0.050386469811201096,0.02283858135342598,0.11266235262155533,human
OXTR,,0.10556324571371078,,,,,,0.10556324571371078,0.10556324571371078,0.10556324571371078,human
MKX,,0.10256009548902512,,,,,,0.10256009548902512,0.10256009548902512,0.10256009548902512,human
COLEC12,,0.1022859588265419,,,,,,0.1022859588265419,0.1022859588265419,0.1022859588265419,human
IGFBP5,,0.10154081135988235,,,,-0.024111656472086906,,0.038714577443897724,0.038714577443897724,0.10154081135988235,human
ZFAND5,,0.1004561185836792,,,,,,0.1004561185836792,0.1004561185836792,0.1004561185836792,human
IGFBP3,,0.0969429761171341,,,,,,0.0969429761171341,0.0969429761171341,0.0969429761171341,human
PAM,,0.08985447138547897,,,,,,0.08985447138547897,0.08985447138547897,0.08985447138547897,human
SULF1,,0.08357512205839157,,,,0.012309947051107883,,0.04794253455474973,0.04794253455474973,0.08357512205839157,human
STMN2,,0.08321598172187805,,-0.07520392537117004,,,,0.004006028175354004,0.004006028175354004,0.08321598172187805,human
TNS3,,0.08083125203847885,,0.020001711323857307,,,,0.05041648168116808,0.05041648168116808,0.08083125203847885,human
LOC644936,,0.08010876923799515,,,0.12350531667470932,,,0.10180704295635223,0.10180704295635223,0.08010876923799515,human
CST3,,0.07932727038860321,,0.07354887574911118,0.03174937516450882,,,0.0615418404340744,0.07354887574911118,0.07932727038860321,human
MFAP5,,0.07757455855607986,,,,-0.025638718158006668,,0.025967920199036598,0.025967920199036598,0.07757455855607986,human
FHL1,,0.07437633723020554,,,,,,0.07437633723020554,0.07437633723020554,0.07437633723020554,human
PSMA5,,0.07432930916547775,,,,,,0.07432930916547775,0.07432930916547775,0.07432930916547775,human
MFGE8,,0.07113925367593765,,,-0.14284738898277283,,,-0.03585406765341759,-0.03585406765341759,0.07113925367593765,human
CCL2,,0.07037677615880966,,,,,,0.07037677615880966,0.07037677615880966,0.07037677615880966,human
MXRA5,,0.07010585814714432,,,,,,0.07010585814714432,0.07010585814714432,0.07010585814714432,human
CYR61,,0.06915389001369476,,,-0.024755144491791725,,,0.02219937276095152,0.02219937276095152,0.06915389001369476,human
SLC38A11,,0.06790584325790405,,,,,,0.06790584325790405,0.06790584325790405,0.06790584325790405,human
LUM,,0.06623589992523193,,,,,,0.06623589992523193,0.06623589992523193,0.06623589992523193,human
COL1A2,,0.06530586630105972,,,,,,0.06530586630105972,0.06530586630105972,0.06530586630105972,human
CEMIP,,0.06351589411497116,,,,,,0.06351589411497116,0.06351589411497116,0.06351589411497116,human
CKAP4,,0.0632573589682579,,,,,,0.0632573589682579,0.0632573589682579,0.0632573589682579,human
COBLL1,,0.06293906271457672,,,,,,0.06293906271457672,0.06293906271457672,0.06293906271457672,human
COL6A1,,0.06273855268955231,,,,,,0.06273855268955231,0.06273855268955231,0.06273855268955231,human
IGFBP4,,0.06128045544028282,,,0.016843082383275032,,,0.03906176891177893,0.03906176891177893,0.06128045544028282,human
LY6E,,0.05979681760072708,,,,,,0.05979681760072708,0.05979681760072708,0.05979681760072708,human
TNFRSF11B,,0.05900663137435913,,,,,,0.05900663137435913,0.05900663137435913,0.05900663137435913,human
COX7A1,,0.05725095421075821,,-0.031760796904563904,,0.015585104003548622,,0.013691753769914309,0.015585104003548622,0.05725095421075821,human
FSTL1,,0.056211743503808975,,,,,,0.056211743503808975,0.056211743503808975,0.056211743503808975,human
PTRF,,0.056110262870788574,,,,-0.019367152824997902,,0.018371555022895336,0.018371555022895336,0.056110262870788574,human
F2R,,0.05433274805545807,,,,,,0.05433274805545807,0.05433274805545807,0.05433274805545807,human
CRABP2,,0.05387192964553833,,,0.03986483812332153,,,0.04686838388442993,0.04686838388442993,0.05387192964553833,human
SLC16A3,,0.05338681489229202,,,0.04973605275154114,-0.010653805918991566,,0.030823020574947197,0.04973605275154114,0.05338681489229202,human
CAMK2N1,,0.05333656072616577,,-0.08466823399066925,,,,-0.01566583663225174,-0.01566583663225174,0.05333656072616577,human
COL6A3,,0.05323275551199913,,,,,,0.05323275551199913,0.05323275551199913,0.05323275551199913,human
CAV1,,0.05295038968324661,,,,,,0.05295038968324661,0.05295038968324661,0.05295038968324661,human
FAT1,,0.052917975932359695,,,,,,0.052917975932359695,0.052917975932359695,0.052917975932359695,human
ADAMTS1,,0.052379950881004333,,0.021792149171233177,,,,0.037086050026118755,0.037086050026118755,0.052379950881004333,human
PRSS23,,0.052184734493494034,,,,,,0.052184734493494034,0.052184734493494034,0.052184734493494034,human
RPS23,,0.0513853020966053,,0.05489427223801613,,,,0.053139787167310715,0.053139787167310715,0.0513853020966053,human
DRAM1,,0.05018226057291031,,,,,,0.05018226057291031,0.05018226057291031,0.05018226057291031,human
APOD,,0.049809470772743225,,0.12117360532283783,,,,0.08549153804779053,0.08549153804779053,0.049809470772743225,human
ANXA2P1,,0.04773527756333351,,,,,,0.04773527756333351,0.04773527756333351,0.04773527756333351,human
SPARC,,0.046755436807870865,,0.026695186272263527,,,,0.036725311540067196,0.036725311540067196,0.046755436807870865,human
GRAMD3,,0.04613453894853592,,0.0216512531042099,,,,0.03389289602637291,0.03389289602637291,0.04613453894853592,human
THY1,,0.04588814452290535,,-0.01943342387676239,,,,0.01322736032307148,0.01322736032307148,0.04588814452290535,human
CALM2,,0.04557982459664345,,-0.12964989244937897,-0.02742379531264305,,,-0.03716462105512619,-0.02742379531264305,0.04557982459664345,human
THBS2,,0.045366913080215454,,,,,,0.045366913080215454,0.045366913080215454,0.045366913080215454,human
MT2A,,0.04461077228188515,,0.17799274623394012,-0.03653823584318161,-0.019648324698209763,,0.041604239493608475,0.012481223791837692,0.04461077228188515,human
KRT34,,0.044127799570560455,,,,-0.04223788157105446,,0.0009449589997529984,0.0009449589997529984,0.044127799570560455,human
ANAPC13,,0.04348349943757057,,,,,,0.04348349943757057,0.04348349943757057,0.04348349943757057,human
LAMC1,,0.04331145063042641,,,-0.02711820974946022,,,0.008096620440483093,0.008096620440483093,0.04331145063042641,human
DKK1,,0.04183388873934746,,,,,,0.04183388873934746,0.04183388873934746,0.04183388873934746,human
SGK223,,0.04105868190526962,,,,,,0.04105868190526962,0.04105868190526962,0.04105868190526962,human
COL5A2,,0.04058614373207092,,,,,,0.04058614373207092,0.04058614373207092,0.04058614373207092,human
TMED10P1,,0.03906416520476341,,,0.02737121842801571,,,0.03321769181638956,0.03321769181638956,0.03906416520476341,human
LASP1,,0.03886286914348602,,,,,,0.03886286914348602,0.03886286914348602,0.03886286914348602,human
CALM1,,0.038842543959617615,,,,,,0.038842543959617615,0.038842543959617615,0.038842543959617615,human
PAPSS2,,0.038031600415706635,,,,,,0.038031600415706635,0.038031600415706635,0.038031600415706635,human
SH3GL2,,0.03638376668095589,,,,,,0.03638376668095589,0.03638376668095589,0.03638376668095589,human
RND3,,0.03627059981226921,,,,,,0.03627059981226921,0.03627059981226921,0.03627059981226921,human
CSRP1,,0.03609326854348183,,0.07412402331829071,,-0.015191876329481602,,0.031675138510763645,0.03609326854348183,0.03609326854348183,human
GSTT1,,0.035804200917482376,,,,,,0.035804200917482376,0.035804200917482376,0.035804200917482376,human
KRT19,,0.035060781985521317,,,0.027742842212319374,,,0.031401812098920345,0.031401812098920345,0.035060781985521317,human
IFI6,,0.03499918058514595,,,,,,0.03499918058514595,0.03499918058514595,0.03499918058514595,human
VASN,,0.034983012825250626,,,,,,0.034983012825250626,0.034983012825250626,0.034983012825250626,human
PEA15,,0.03463740274310112,,0.06648553907871246,,,,0.05056147091090679,0.05056147091090679,0.03463740274310112,human
UQCRQ,,0.034052859991788864,,-0.06587810814380646,0.04175523668527603,,,0.003309996177752813,0.034052859991788864,0.034052859991788864,human
ARRDC4,,0.03344178572297096,,,,,,0.03344178572297096,0.03344178572297096,0.03344178572297096,human
SEMA3C,,0.03329784423112869,,,,,,0.03329784423112869,0.03329784423112869,0.03329784423112869,human
AMY1C,,0.03303532302379608,,,0.03640170395374298,,,0.03471851348876953,0.03471851348876953,0.03303532302379608,human
COL4A1,,0.032635461539030075,,,,,,0.032635461539030075,0.032635461539030075,0.032635461539030075,human
COL1A1,,0.03233986347913742,,,,-0.04730995371937752,,-0.0074850451201200485,-0.0074850451201200485,0.03233986347913742,human
TSPO,,0.03185170888900757,,,,,,0.03185170888900757,0.03185170888900757,0.03185170888900757,human
HSPA2,,0.031158538535237312,,0.04338480532169342,,,,0.037271671928465366,0.037271671928465366,0.031158538535237312,human
ATP5EP2,,0.03062369115650654,,,0.08266099542379379,,,0.056642343290150166,0.056642343290150166,0.03062369115650654,human
WNT5A,,0.030595986172556877,,,,,,0.030595986172556877,0.030595986172556877,0.030595986172556877,human
RPLP2,,0.03034561313688755,,,0.068306103348732,,,0.04932585824280977,0.04932585824280977,0.03034561313688755,human
LPXN,,0.030241437256336212,,,,,,0.030241437256336212,0.030241437256336212,0.030241437256336212,human
CYB5R3,,0.030155859887599945,,0.022814592346549034,,,,0.02648522611707449,0.02648522611707449,0.030155859887599945,human
LITAF,,0.029826201498508453,,,-0.025566980242729187,,,0.002129610627889633,0.002129610627889633,0.029826201498508453,human
CD248,,0.029819268733263016,,,,,,0.029819268733263016,0.029819268733263016,0.029819268733263016,human
MMP3,,0.029758503660559654,,,,,,0.029758503660559654,0.029758503660559654,0.029758503660559654,human
PTGS2,,0.029744919389486313,,,,,,0.029744919389486313,0.029744919389486313,0.029744919389486313,human
TMSB10,,0.029595347121357918,,-0.05138447880744934,0.06800961494445801,,,0.015406827752788862,0.029595347121357918,0.029595347121357918,human
IGFBP6,,0.029518678784370422,,,,,,0.029518678784370422,0.029518678784370422,0.029518678784370422,human
EMP1,,0.029149601235985756,,,,,,0.029149601235985756,0.029149601235985756,0.029149601235985756,human
CYBA,,0.028721122071146965,,,0.02134452946484089,,,0.025032825767993927,0.025032825767993927,0.028721122071146965,human
TMBIM4,,0.02863505482673645,,,,,,0.02863505482673645,0.02863505482673645,0.02863505482673645,human
ITM2C,,0.028448520228266716,,0.03415924310684204,0.019367031753063202,0.01370638981461525,,0.023920296225696802,0.02390777599066496,0.028448520228266716,human
CAP2,,0.028105244040489197,,-0.012490143068134785,-0.016242019832134247,,,-0.00020897295325994492,-0.012490143068134785,0.028105244040489197,human
CFL1,,0.027954667806625366,,0.034826286137104034,,,,0.0313904769718647,0.0313904769718647,0.027954667806625366,human
RARRES2,,0.02791685052216053,,,,,,0.02791685052216053,0.02791685052216053,0.02791685052216053,human
CPXM2,,0.027884256094694138,,,,,,0.027884256094694138,0.027884256094694138,0.027884256094694138,human
LPPR4,,0.027875900268554688,,,,,,0.027875900268554688,0.027875900268554688,0.027875900268554688,human
ATP6AP2,,0.027544232085347176,,,,,,0.027544232085347176,0.027544232085347176,0.027544232085347176,human
DUSP5,,0.027368366718292236,,,0.035145070403814316,,,0.031256718561053276,0.031256718561053276,0.027368366718292236,human
PCOLCE,,0.02705501951277256,,,,,,0.02705501951277256,0.02705501951277256,0.02705501951277256,human
JUND,,0.026806076988577843,,,0.014816242270171642,,,0.020811159629374743,0.020811159629374743,0.026806076988577843,human
TMED2,,0.02677999809384346,,,0.019215524196624756,,,0.022997761145234108,0.022997761145234108,0.02677999809384346,human
PGRMC1,,0.02675480768084526,,0.013970126397907734,,,,0.020362467039376497,0.020362467039376497,0.02675480768084526,human
PCDH18,,0.02637293189764023,,,,,,0.02637293189764023,0.02637293189764023,0.02637293189764023,human
RHOB,,0.02622879110276699,,0.06528700143098831,,,,0.04575789626687765,0.04575789626687765,0.02622879110276699,human
FEZ2,,0.026174170896410942,,,,,,0.026174170896410942,0.026174170896410942,0.026174170896410942,human
LIMCH1,,0.026165196672081947,,,,,,0.026165196672081947,0.026165196672081947,0.026165196672081947,human
ARL6IP5,,0.02588508278131485,,0.01366537157446146,,,,0.019775227177888155,0.019775227177888155,0.02588508278131485,human
CAV2,,0.025532934814691544,,,,,,0.025532934814691544,0.025532934814691544,0.025532934814691544,human
PERP,,0.025310730561614037,,,0.016423430293798447,,,0.02086708042770624,0.02086708042770624,0.025310730561614037,human
NIPA1,,0.0251056719571352,,,,,,0.0251056719571352,0.0251056719571352,0.0251056719571352,human
PDGFRB,,0.02503828890621662,,,,,,0.02503828890621662,0.02503828890621662,0.02503828890621662,human
SYPL2,,0.024607274681329727,,,,,,0.024607274681329727,0.024607274681329727,0.024607274681329727,human
ARF4,,0.024519585072994232,,,,,,0.024519585072994232,0.024519585072994232,0.024519585072994232,human
TM4SF1,,0.02450212836265564,,,,,,0.02450212836265564,0.02450212836265564,0.02450212836265564,human
EPDR1,,0.024195276200771332,,,,,,0.024195276200771332,0.024195276200771332,0.024195276200771332,human
ACTA2,,0.024155667051672935,,,,-0.011900529265403748,,0.006127568893134594,0.006127568893134594,0.024155667051672935,human
ADM,,0.02406439743936062,,0.021089810878038406,-0.10853847116231918,,,-0.021128087614973385,0.021089810878038406,0.02406439743936062,human
RNASET2,,0.02387014962732792,,0.02192099206149578,,,,0.02289557084441185,0.02289557084441185,0.02387014962732792,human
DUSP14,,0.023736895993351936,,,,,,0.023736895993351936,0.023736895993351936,0.023736895993351936,human
GAS1,,0.022883081808686256,,,,,,0.022883081808686256,0.022883081808686256,0.022883081808686256,human
COL8A1,,0.0227289330214262,,,,,,0.0227289330214262,0.0227289330214262,0.0227289330214262,human
OSTC,,0.02269892208278179,,,,,,0.02269892208278179,0.02269892208278179,0.02269892208278179,human
VKORC1,,0.022682752460241318,,,0.013914640061557293,,,0.018298696260899305,0.018298696260899305,0.022682752460241318,human
TMEM119,,0.022681470960378647,,,,,,0.022681470960378647,0.022681470960378647,0.022681470960378647,human
PSG5,,0.02259831130504608,,,,-0.01813642494380474,,0.0022309431806206703,0.0022309431806206703,0.02259831130504608,human
CYB5B,,0.022545762360095978,,,0.01654396392405033,,,0.019544863142073154,0.019544863142073154,0.022545762360095978,human
SOWAHC,,0.02245318703353405,,,,,,0.02245318703353405,0.02245318703353405,0.02245318703353405,human
CCT8,,0.022387642413377762,,,0.020440295338630676,,,0.02141396887600422,0.02141396887600422,0.022387642413377762,human
RPL27A,,0.0222161877900362,,,-0.05734604224562645,,,-0.017564927227795124,-0.017564927227795124,0.0222161877900362,human
SLC44A2,,0.022026196122169495,,,,,,0.022026196122169495,0.022026196122169495,0.022026196122169495,human
SH3PXD2A,,0.021990599110722542,,,,,,0.021990599110722542,0.021990599110722542,0.021990599110722542,human
NDUFB5,,0.02189703658223152,,,0.032451629638671875,,,0.0271743331104517,0.0271743331104517,0.02189703658223152,human
SERPINB7,,0.02189515344798565,,,,,,0.02189515344798565,0.02189515344798565,0.02189515344798565,human
TMED3,,0.02158632129430771,,,,,,0.02158632129430771,0.02158632129430771,0.02158632129430771,human
EMC7,,0.021449659019708633,,,,,,0.021449659019708633,0.021449659019708633,0.021449659019708633,human
WFDC1,,0.021447429433465004,,,,,,0.021447429433465004,0.021447429433465004,0.021447429433465004,human
TMCO1,,0.02139144390821457,,,,,,0.02139144390821457,0.02139144390821457,0.02139144390821457,human
CNDP2,,0.021325696259737015,,,,,,0.021325696259737015,0.021325696259737015,0.021325696259737015,human
HEXB,,0.021285872906446457,,,,,,0.021285872906446457,0.021285872906446457,0.021285872906446457,human
HIBADH,,0.021279601380228996,,,,,,0.021279601380228996,0.021279601380228996,0.021279601380228996,human
CYBRD1,,0.021213946864008904,,,,,,0.021213946864008904,0.021213946864008904,0.021213946864008904,human
LAMP1,,0.021048907190561295,,,,,,0.021048907190561295,0.021048907190561295,0.021048907190561295,human
GNAI2,,0.021001674234867096,,,,,,0.021001674234867096,0.021001674234867096,0.021001674234867096,human
PLOD1,,0.020997993648052216,,,,,,0.020997993648052216,0.020997993648052216,0.020997993648052216,human
RRAS,,0.02089589647948742,,,,,,0.02089589647948742,0.02089589647948742,0.02089589647948742,human
FAM43A,,0.02087395079433918,,,,,,0.02087395079433918,0.02087395079433918,0.02087395079433918,human
DDAH1,,0.02082344889640808,,0.029307086020708084,,,,0.025065267458558083,0.025065267458558083,0.02082344889640808,human
ALPK2,,0.02075694128870964,,,,0.02969861961901188,,0.02522778045386076,0.02522778045386076,0.02075694128870964,human
ANPEP,,0.02064899541437626,,,,,,0.02064899541437626,0.02064899541437626,0.02064899541437626,human
TNFRSF12A,,0.020523501560091972,,,,,,0.020523501560091972,0.020523501560091972,0.020523501560091972,human
RAB3GAP1,,0.020474573597311974,,,,,,0.020474573597311974,0.020474573597311974,0.020474573597311974,human
REXO2,,0.020463913679122925,,,0.02968953177332878,,,0.025076722726225853,0.025076722726225853,0.020463913679122925,human
ACTN1,,0.020382028073072433,,,,-0.013033470138907433,,0.0036742789670825005,0.0036742789670825005,0.020382028073072433,human
H2AFJ,,0.02015717513859272,,,0.01448958832770586,,,0.01732338173314929,0.01732338173314929,0.02015717513859272,human
EFEMP2,,0.02013726904988289,,,,,,0.02013726904988289,0.02013726904988289,0.02013726904988289,human
FBLN1,,0.019956396892666817,,,,,,0.019956396892666817,0.019956396892666817,0.019956396892666817,human
NDUFB2,,0.019840404391288757,,-0.03015340492129326,,,,-0.005156500265002251,-0.005156500265002251,0.019840404391288757,human
RECK,,0.019834598526358604,,,,,,0.019834598526358604,0.019834598526358604,0.019834598526358604,human
BCAP31,,0.01972089521586895,,,,,,0.01972089521586895,0.01972089521586895,0.01972089521586895,human
PRDX5,,0.019720472395420074,,,,,,0.019720472395420074,0.019720472395420074,0.019720472395420074,human
NDN,,0.019571665674448013,,,,,,0.019571665674448013,0.019571665674448013,0.019571665674448013,human
RNF150,,0.019466422498226166,,,,,,0.019466422498226166,0.019466422498226166,0.019466422498226166,human
POLE4,,0.019440336152911186,,,,,,0.019440336152911186,0.019440336152911186,0.019440336152911186,human
SCD,,0.01943977363407612,,,,,,0.01943977363407612,0.01943977363407612,0.01943977363407612,human
FOXC1,,0.01942962221801281,,,,,,0.01942962221801281,0.01942962221801281,0.01942962221801281,human
TSPAN9,,0.019406121224164963,,,,,,0.019406121224164963,0.019406121224164963,0.019406121224164963,human
STOM,,0.01925765350461006,,,0.014113926328718662,,,0.016685789916664362,0.016685789916664362,0.01925765350461006,human
RHOC,,0.019094426184892654,,,,-0.01564744859933853,,0.0017234887927770615,0.0017234887927770615,0.019094426184892654,human
YWHAH,,0.019082605838775635,,0.016212228685617447,,,,0.01764741726219654,0.01764741726219654,0.019082605838775635,human
NES,,0.019040675833821297,,,,,,0.019040675833821297,0.019040675833821297,0.019040675833821297,human
MT1A,,0.018900945782661438,,,0.02411504089832306,,,0.02150799334049225,0.02150799334049225,0.018900945782661438,human
MFSD10,,0.018857216462492943,,,,,,0.018857216462492943,0.018857216462492943,0.018857216462492943,human
KRTAP1-5,,0.018765510991215706,,,,,,0.018765510991215706,0.018765510991215706,0.018765510991215706,human
DYNC1LI2,,0.018743380904197693,,,,,,0.018743380904197693,0.018743380904197693,0.018743380904197693,human
GLS,,0.018676910549402237,,,,-0.036453668028116226,,-0.008888378739356995,-0.008888378739356995,0.018676910549402237,human
TMEM173,,0.018669871613383293,,,,,,0.018669871613383293,0.018669871613383293,0.018669871613383293,human
CRYAB,,0.018485819920897484,,0.10471828281879425,,0.01766829751431942,,0.04695746675133705,0.018485819920897484,0.018485819920897484,human
PTPRK,,0.018320508301258087,,,,,,0.018320508301258087,0.018320508301258087,0.018320508301258087,human
MAMDC2,,0.018287431448698044,,,,-0.013922720216214657,,0.0021823556162416935,0.0021823556162416935,0.018287431448698044,human
LAMA2,,0.018271205946803093,,,,,,0.018271205946803093,0.018271205946803093,0.018271205946803093,human
SHISA5,,0.01809755526483059,,,0.02125382609665394,,,0.019675690680742264,0.019675690680742264,0.01809755526483059,human
HEBP2,,0.018017403781414032,,,0.021507637575268745,,,0.01976252067834139,0.01976252067834139,0.018017403781414032,human
RPLP1,,0.017830029129981995,,0.044430989772081375,0.022662149742245674,,,0.028307722881436348,0.022662149742245674,0.017830029129981995,human
SVEP1,,0.01760755106806755,,,,,,0.01760755106806755,0.01760755106806755,0.01760755106806755,human
C19orf10,,0.01749645546078682,,,,,,0.01749645546078682,0.01749645546078682,0.01749645546078682,human
GLT8D2,,0.017049556598067284,,,,,,0.017049556598067284,0.017049556598067284,0.017049556598067284,human
ELOVL5,,0.017047055065631866,,,,,,0.017047055065631866,0.017047055065631866,0.017047055065631866,human
CCND3,,0.016830405220389366,,,,,,0.016830405220389366,0.016830405220389366,0.016830405220389366,human
GNG11,,0.016665931791067123,,,,,,0.016665931791067123,0.016665931791067123,0.016665931791067123,human
CTSZ,,0.016490541398525238,,,,,,0.016490541398525238,0.016490541398525238,0.016490541398525238,human
RDH10,,0.016395986080169678,,,,,,0.016395986080169678,0.016395986080169678,0.016395986080169678,human
NR2F1,,0.016362635418772697,,,,,,0.016362635418772697,0.016362635418772697,0.016362635418772697,human
OSTCP2,,0.01625879295170307,,,,,,0.01625879295170307,0.01625879295170307,0.01625879295170307,human
TM9SF2,,0.016224702820181847,,,,,,0.016224702820181847,0.016224702820181847,0.016224702820181847,human
CYP26B1,,0.01622088812291622,,,,,,0.01622088812291622,0.01622088812291622,0.01622088812291622,human
EPAS1,,0.016145138069987297,,,,,,0.016145138069987297,0.016145138069987297,0.016145138069987297,human
LMNA,,0.016087606549263,,,,,,0.016087606549263,0.016087606549263,0.016087606549263,human
PKD2,,0.016081176698207855,,,,,,0.016081176698207855,0.016081176698207855,0.016081176698207855,human
GNB1,,0.016027677804231644,,0.0180184468626976,,,,0.017023062333464622,0.017023062333464622,0.016027677804231644,human
ITGA11,,0.015979517251253128,,,,,,0.015979517251253128,0.015979517251253128,0.015979517251253128,human
SEC61A1,,0.01595945656299591,,,0.02298843488097191,,,0.01947394572198391,0.01947394572198391,0.01595945656299591,human
CIB1,,0.015935108065605164,,,0.014072835445404053,,,0.015003971755504608,0.015003971755504608,0.015935108065605164,human
OAF,,0.01591990329325199,,,,,,0.01591990329325199,0.01591990329325199,0.01591990329325199,human
ESYT1,,0.01591898687183857,,,,,,0.01591898687183857,0.01591898687183857,0.01591898687183857,human
MYLK,,0.015785297378897667,,,,,,0.015785297378897667,0.015785297378897667,0.015785297378897667,human
KLF9,,0.015781806781888008,,,,,,0.015781806781888008,0.015781806781888008,0.015781806781888008,human
LEPREL1,,0.015781749039888382,,,0.016708949580788612,-0.010964173823595047,,0.007175508265693982,0.015781749039888382,0.015781749039888382,human
C8orf4,,0.01573158986866474,,,,,,0.01573158986866474,0.01573158986866474,0.01573158986866474,human
TRAM2,,0.015632586553692818,,,,,,0.015632586553692818,0.015632586553692818,0.015632586553692818,human
CDH13,,0.015626905485987663,,,,0.02328009530901909,,0.019453500397503376,0.019453500397503376,0.015626905485987663,human
ZMAT3,,0.015619211830198765,,,,0.012181166559457779,,0.013900189194828272,0.013900189194828272,0.015619211830198765,human
NBL1,,0.015600345097482204,,,,,,0.015600345097482204,0.015600345097482204,0.015600345097482204,human
C19orf70,,0.015560070052742958,,,,,,0.015560070052742958,0.015560070052742958,0.015560070052742958,human
HSD17B2,,0.01551720593124628,,,,,,0.01551720593124628,0.01551720593124628,0.01551720593124628,human
TIMP2,,0.015450826846063137,,,,,,0.015450826846063137,0.015450826846063137,0.015450826846063137,human
TEX2,,0.01544565986841917,,,,,,0.01544565986841917,0.01544565986841917,0.01544565986841917,human
COPS4,,0.015412614680826664,,,,,,0.015412614680826664,0.015412614680826664,0.015412614680826664,human
LOX,,0.015348047018051147,,,,,,0.015348047018051147,0.015348047018051147,0.015348047018051147,human
PRKCDBP,,0.015284895896911621,,,,,,0.015284895896911621,0.015284895896911621,0.015284895896911621,human
RANGAP1,,0.015276109799742699,,,,,,0.015276109799742699,0.015276109799742699,0.015276109799742699,human
CLEC11A,,0.0151497982442379,,,,,,0.0151497982442379,0.0151497982442379,0.0151497982442379,human
NDFIP2,,0.015141013078391552,,,,,,0.015141013078391552,0.015141013078391552,0.015141013078391552,human
SBDS,,0.015077995136380196,,,,,,0.015077995136380196,0.015077995136380196,0.015077995136380196,human
ADIRF,,0.0150747774168849,,,,0.018442213535308838,,0.01675849547609687,0.01675849547609687,0.0150747774168849,human
LOXL4,,0.015016808174550533,,,,,,0.015016808174550533,0.015016808174550533,0.015016808174550533,human
ALKBH5,,0.014962245710194111,,,,,,0.014962245710194111,0.014962245710194111,0.014962245710194111,human
A2M,,0.01486535370349884,,0.045329462736845016,,,,0.03009740822017193,0.03009740822017193,0.01486535370349884,human
EIF4A2,,0.014787472784519196,,-0.018851881846785545,-0.11209458857774734,,,-0.03871966588000456,-0.018851881846785545,0.014787472784519196,human
PDXK,,0.014663930982351303,,0.014438404701650143,,,,0.014551167842000723,0.014551167842000723,0.014663930982351303,human
COL7A1,,0.014456409029662609,,,,0.02086605690419674,,0.017661232966929674,0.017661232966929674,0.014456409029662609,human
HSPB3,,0.01445072703063488,,,,,,0.01445072703063488,0.01445072703063488,0.01445072703063488,human
COL8A2,,0.014442021027207375,,,,-0.026586249470710754,,-0.00607211422175169,-0.00607211422175169,0.014442021027207375,human
KDELR3,,0.01441538892686367,,,,,,0.01441538892686367,0.01441538892686367,0.01441538892686367,human
MYOF,,0.014324280433356762,,,,,,0.014324280433356762,0.014324280433356762,0.014324280433356762,human
CMPK1,,0.01422877423465252,,,,,,0.01422877423465252,0.01422877423465252,0.01422877423465252,human
MORF4L2,,0.014194505289196968,,-0.01392529346048832,-0.018804483115673065,,,-0.006178423762321472,-0.01392529346048832,0.014194505289196968,human
GSTM1,,0.014174572192132473,,,,,,0.014174572192132473,0.014174572192132473,0.014174572192132473,human
ANGPT1,,0.014155011624097824,,,,,,0.014155011624097824,0.014155011624097824,0.014155011624097824,human
EHD1,,0.0141293965280056,,,,,,0.0141293965280056,0.0141293965280056,0.0141293965280056,human
SURF4,,0.014117449522018433,,,0.021111786365509033,,,0.017614617943763733,0.017614617943763733,0.014117449522018433,human
RPS27A,,0.013942676596343517,,,0.057968027889728546,,,0.03595535224303603,0.03595535224303603,0.013942676596343517,human
ALCAM,,0.013904986903071404,,,,,,0.013904986903071404,0.013904986903071404,0.013904986903071404,human
CNN3,,0.013767003081738949,,,,,,0.013767003081738949,0.013767003081738949,0.013767003081738949,human
ATRAID,,0.013721662573516369,,,,,,0.013721662573516369,0.013721662573516369,0.013721662573516369,human
BACE2,,0.013642383739352226,,,,,,0.013642383739352226,0.013642383739352226,0.013642383739352226,human
PRDX4,,0.01359021570533514,,,0.01423138938844204,,,0.01391080254688859,0.01391080254688859,0.01359021570533514,human
SIDT2,,0.013571611605584621,,,,,,0.013571611605584621,0.013571611605584621,0.013571611605584621,human
MEGF6,,0.01345550175756216,,,,,,0.01345550175756216,0.01345550175756216,0.01345550175756216,human
SHROOM3,,0.01343285571783781,,,,,,0.01343285571783781,0.01343285571783781,0.01343285571783781,human
HSPA1B,,0.013408324681222439,,-0.03347420692443848,,,,-0.010032941121608019,-0.010032941121608019,0.013408324681222439,human
IL10RB,,0.013377990573644638,,,,,,0.013377990573644638,0.013377990573644638,0.013377990573644638,human
TLE4,,0.013298806734383106,,,,,,0.013298806734383106,0.013298806734383106,0.013298806734383106,human
MAN2B2,,0.013214826583862305,,,,,,0.013214826583862305,0.013214826583862305,0.013214826583862305,human
DSTN,,0.013143608346581459,,0.020496126264333725,,,,0.016819867305457592,0.016819867305457592,0.013143608346581459,human
MSX1,,0.013094276189804077,,,,,,0.013094276189804077,0.013094276189804077,0.013094276189804077,human
PIEZO1,,0.013070113025605679,,,,,,0.013070113025605679,0.013070113025605679,0.013070113025605679,human
FAM162B,,0.012959697283804417,,,,,,0.012959697283804417,0.012959697283804417,0.012959697283804417,human
FBLN5,,0.012922883033752441,,,,,,0.012922883033752441,0.012922883033752441,0.012922883033752441,human
RPS4Y2,,0.012871621176600456,,,0.020275281742215157,,,0.016573451459407806,0.016573451459407806,0.012871621176600456,human
C15orf52,,0.01282220333814621,,,,-0.046093035489320755,,-0.016635416075587273,-0.016635416075587273,0.01282220333814621,human
KLF2,,0.012786219827830791,,,,,,0.012786219827830791,0.012786219827830791,0.012786219827830791,human
S100A11,,0.012735128402709961,,,0.01596621423959732,,,0.01435067132115364,0.01435067132115364,0.012735128402709961,human
LAMB2,,0.012694895267486572,,,,,,0.012694895267486572,0.012694895267486572,0.012694895267486572,human
AP2S1,,0.012685907073318958,,,0.028170296922326088,,,0.020428101997822523,0.020428101997822523,0.012685907073318958,human
RAB5B,,0.012644460424780846,,,,,,0.012644460424780846,0.012644460424780846,0.012644460424780846,human
YIPF3,,0.01263492926955223,,,,,,0.01263492926955223,0.01263492926955223,0.01263492926955223,human
WRB,,0.012521815486252308,,0.03231330215930939,,,,0.022417558822780848,0.022417558822780848,0.012521815486252308,human
ATP6V1B2,,0.012507678009569645,,-0.018329359591007233,,,,-0.002910840790718794,-0.002910840790718794,0.012507678009569645,human
FH,,0.012489204294979572,,,,,,0.012489204294979572,0.012489204294979572,0.012489204294979572,human
ATP2A2,,0.01240267138928175,,,,,,0.01240267138928175,0.01240267138928175,0.01240267138928175,human
XBP1,,0.012324009090662003,,,,,,0.012324009090662003,0.012324009090662003,0.012324009090662003,human
HES4,,0.012299430556595325,,,,,,0.012299430556595325,0.012299430556595325,0.012299430556595325,human
APP,,0.01224677823483944,,0.013031614944338799,,0.023548802360892296,,0.016275731846690178,0.013031614944338799,0.01224677823483944,human
PPME1,,0.012104075402021408,,,,-0.01727621629834175,,-0.0025860704481601715,-0.0025860704481601715,0.012104075402021408,human
ATP6AP1,,0.012095347046852112,,,,,,0.012095347046852112,0.012095347046852112,0.012095347046852112,human
ALDH7A1,,0.012042315676808357,,,-0.018664725124835968,,,-0.0033112047240138054,-0.0033112047240138054,0.012042315676808357,human
TNFRSF21,,0.012040059082210064,,,,,,0.012040059082210064,0.012040059082210064,0.012040059082210064,human
MYL9,,0.011997201479971409,,,,-0.022838354110717773,,-0.005420576315373182,-0.005420576315373182,0.011997201479971409,human
SERTAD4,,0.011939845979213715,,,,,,0.011939845979213715,0.011939845979213715,0.011939845979213715,human
NTN4,,0.011813479475677013,,,,,,0.011813479475677013,0.011813479475677013,0.011813479475677013,human
FERMT2,,0.01179413590580225,,,0.02767176367342472,,,0.019732949789613485,0.019732949789613485,0.01179413590580225,human
LDLR,,0.01178121380507946,,,0.02256905660033226,-0.013672585599124432,,0.006892561602095763,0.01178121380507946,0.01178121380507946,human
ATP5J2,,0.011778564192354679,,-0.022981874644756317,,,,-0.005601655226200819,-0.005601655226200819,0.011778564192354679,human
STAT2,,0.011757875792682171,,,,,,0.011757875792682171,0.011757875792682171,0.011757875792682171,human
PODN,,0.011749688535928726,,,,,,0.011749688535928726,0.011749688535928726,0.011749688535928726,human
LRRN3,,0.01173670869320631,,,,,,0.01173670869320631,0.01173670869320631,0.01173670869320631,human
SERPINB2,,0.011674769222736359,,,,,,0.011674769222736359,0.011674769222736359,0.011674769222736359,human
SLC2A1,,0.011639474891126156,,,0.07178663462400436,,,0.04171305475756526,0.04171305475756526,0.011639474891126156,human
TSHZ1,,0.011569350026547909,,,,,,0.011569350026547909,0.011569350026547909,0.011569350026547909,human
HIST1H1C,,0.011564584448933601,,,,,,0.011564584448933601,0.011564584448933601,0.011564584448933601,human
CDC42EP5,,0.011495868675410748,,,,,,0.011495868675410748,0.011495868675410748,0.011495868675410748,human
LRP10,,0.0113304378464818,,,,,,0.0113304378464818,0.0113304378464818,0.0113304378464818,human
AHCY,,0.011327778920531273,,,0.04399466887116432,,,0.027661223895847797,0.027661223895847797,0.011327778920531273,human
PRRG1,,0.01130611915141344,,,,-0.010689630173146725,,0.000308244489133358,0.000308244489133358,0.01130611915141344,human
SORT1,,0.011283443309366703,,,,,,0.011283443309366703,0.011283443309366703,0.011283443309366703,human
EMILIN2,,0.01128282118588686,,,,,,0.01128282118588686,0.01128282118588686,0.01128282118588686,human
KRTCAP2,,0.011254365555942059,,,,,,0.011254365555942059,0.011254365555942059,0.011254365555942059,human
CTSK,,0.011244646273553371,,,,,,0.011244646273553371,0.011244646273553371,0.011244646273553371,human
CYB5A,,0.011203469708561897,,,,,,0.011203469708561897,0.011203469708561897,0.011203469708561897,human
TMEM179B,,0.011172986589372158,,,,,,0.011172986589372158,0.011172986589372158,0.011172986589372158,human
SBSPON,,0.011172948405146599,,,,,,0.011172948405146599,0.011172948405146599,0.011172948405146599,human
ARL2BP,,0.011149614118039608,,,,,,0.011149614118039608,0.011149614118039608,0.011149614118039608,human
ZDHHC8,,0.01110354345291853,,,,,,0.01110354345291853,0.01110354345291853,0.01110354345291853,human
SNCAIP,,0.011055374518036842,,,,,,0.011055374518036842,0.011055374518036842,0.011055374518036842,human
EIF5A,,0.011015919968485832,,,0.055744800716638565,,,0.0333803603425622,0.0333803603425622,0.011015919968485832,human
COMT,,0.010963086038827896,,,,,,0.010963086038827896,0.010963086038827896,0.010963086038827896,human
SUN2,,0.01093241572380066,,,,,,0.01093241572380066,0.01093241572380066,0.01093241572380066,human
PPIC,,0.010926335118710995,,,,,,0.010926335118710995,0.010926335118710995,0.010926335118710995,human
PLSCR4,,0.0109064606949687,,,,,,0.0109064606949687,0.0109064606949687,0.0109064606949687,human
TMED9,,0.010816002264618874,,,,,,0.010816002264618874,0.010816002264618874,0.010816002264618874,human
CDC42EP4,,0.01080108992755413,,,,,,0.01080108992755413,0.01080108992755413,0.01080108992755413,human
S1PR3,,0.010784084908664227,,,,,,0.010784084908664227,0.010784084908664227,0.010784084908664227,human
PDGFC,,0.010776360519230366,,,,,,0.010776360519230366,0.010776360519230366,0.010776360519230366,human
RPL13AP20,,0.010770144872367382,,,0.04429818317294121,,,0.027534164022654295,0.027534164022654295,0.010770144872367382,human
HSPA1A,,0.010763954371213913,,-0.06297312676906586,,,,-0.026104586198925972,-0.026104586198925972,0.010763954371213913,human
CLDN11,,-0.12298193573951721,,,,,,-0.12298193573951721,-0.12298193573951721,-0.12298193573951721,human
FBN2,,-0.08468582481145859,,,,,,-0.08468582481145859,-0.08468582481145859,-0.08468582481145859,human
VCAN,,-0.08118885010480881,,,,,,-0.08118885010480881,-0.08118885010480881,-0.08118885010480881,human
EFEMP1,,-0.07543663680553436,,,,,,-0.07543663680553436,-0.07543663680553436,-0.07543663680553436,human
MYH10,,-0.053186506032943726,,,-0.035145748406648636,,,-0.04416612721979618,-0.04416612721979618,-0.053186506032943726,human
FSCN1,,-0.04516640305519104,,,0.08336562663316727,,,0.019099611788988113,0.019099611788988113,-0.04516640305519104,human
RPS8,,-0.04230876639485359,,0.018348328769207,0.0644141212105751,,,0.013484561194976171,0.018348328769207,-0.04230876639485359,human
PHGDH,,-0.041004955768585205,,,-0.03201422840356827,,,-0.036509592086076736,-0.036509592086076736,-0.041004955768585205,human
SFRP1,,-0.0401993952691555,,,,,,-0.0401993952691555,-0.0401993952691555,-0.0401993952691555,human
SERPINE2,,-0.03834504261612892,,0.016922788694500923,0.07406610995531082,,,0.017547952011227608,0.016922788694500923,-0.03834504261612892,human
DPYSL3,,-0.034872110933065414,,,,-0.030440397560596466,,-0.03265625424683094,-0.03265625424683094,-0.034872110933065414,human
S100A10,,-0.03203841298818588,,0.01843506470322609,0.10196152329444885,,,0.02945272500316302,0.01843506470322609,-0.03203841298818588,human
SRPX,,-0.03098624013364315,,,,,,-0.03098624013364315,-0.03098624013364315,-0.03098624013364315,human
YBX3,,-0.030954141169786453,,,-0.056016918271780014,,,-0.043485529720783234,-0.043485529720783234,-0.030954141169786453,human
POSTN,,-0.02897004969418049,,,,,,-0.02897004969418049,-0.02897004969418049,-0.02897004969418049,human
GPX4,,-0.027891432866454124,,,0.027222231030464172,,,-0.00033460091799497604,-0.00033460091799497604,-0.027891432866454124,human
SERPINH1,,-0.026672963052988052,,,,,,-0.026672963052988052,-0.026672963052988052,-0.026672963052988052,human
CXCL12,,-0.026139598339796066,,,,,,-0.026139598339796066,-0.026139598339796066,-0.026139598339796066,human
RPL13AP6,,-0.02392885647714138,,,0.02113679237663746,,,-0.0013960320502519608,-0.0013960320502519608,-0.02392885647714138,human
TNC,,-0.02379605360329151,,,,,,-0.02379605360329151,-0.02379605360329151,-0.02379605360329151,human
TKT,,-0.02379336766898632,,,-0.04917328432202339,,,-0.036483325995504856,-0.036483325995504856,-0.02379336766898632,human
PGRMC2,,-0.02365771494805813,,,,,,-0.02365771494805813,-0.02365771494805813,-0.02365771494805813,human
CYP1B1,,-0.02357080765068531,,,,,,-0.02357080765068531,-0.02357080765068531,-0.02357080765068531,human
ALDH9A1,,-0.022487081587314606,,0.013557166792452335,,,,-0.004464957397431135,-0.004464957397431135,-0.022487081587314606,human
HEG1,,-0.022305039688944817,,,,,,-0.022305039688944817,-0.022305039688944817,-0.022305039688944817,human
LXN,,-0.02163735218346119,,,,,,-0.02163735218346119,-0.02163735218346119,-0.02163735218346119,human
AARS,,-0.0212378092110157,,,-0.02937699295580387,,,-0.025307401083409786,-0.025307401083409786,-0.0212378092110157,human
SMS,,-0.02103700302541256,,,,,,-0.02103700302541256,-0.02103700302541256,-0.02103700302541256,human
GLTSCR2,,-0.02092740684747696,,0.012830373831093311,-0.023555444553494453,,,-0.010550825856626034,-0.02092740684747696,-0.02092740684747696,human
SEPT9,,-0.020463204011321068,,,0.058344244956970215,,,0.018940520472824574,0.018940520472824574,-0.020463204011321068,human
BCAT1,,-0.020457642152905464,,,,,,-0.020457642152905464,-0.020457642152905464,-0.020457642152905464,human
SPOCK1,,-0.019834011793136597,,,,,,-0.019834011793136597,-0.019834011793136597,-0.019834011793136597,human
IMPDH2,,-0.01946854591369629,,,,,,-0.01946854591369629,-0.01946854591369629,-0.01946854591369629,human
TUBB3,,-0.019307060167193413,,,0.02185969427227974,-0.04537398740649223,,-0.01427378443380197,-0.019307060167193413,-0.019307060167193413,human
RALA,,-0.01886848919093609,,,,,,-0.01886848919093609,-0.01886848919093609,-0.01886848919093609,human
GLIPR2,,-0.017901256680488586,,,0.02231229655444622,-0.015614659525454044,,-0.0037345398838321366,-0.015614659525454044,-0.017901256680488586,human
CDK4,,-0.01770014502108097,,,,,,-0.01770014502108097,-0.01770014502108097,-0.01770014502108097,human
KHDRBS1,,-0.01750103384256363,,,-0.02336736209690571,,,-0.02043419796973467,-0.02043419796973467,-0.01750103384256363,human
QARS,,-0.01727338507771492,,,,,,-0.01727338507771492,-0.01727338507771492,-0.01727338507771492,human
COL5A1,,-0.017248841002583504,,,,,,-0.017248841002583504,-0.017248841002583504,-0.017248841002583504,human
EIF4B,,-0.016707710921764374,,,,,,-0.016707710921764374,-0.016707710921764374,-0.016707710921764374,human
WDFY1,,-0.01652681641280651,,,,,,-0.01652681641280651,-0.01652681641280651,-0.01652681641280651,human
ARPC1A,,-0.016028011217713356,,,,,,-0.016028011217713356,-0.016028011217713356,-0.016028011217713356,human
CCDC109B,,-0.015791775658726692,,,,,,-0.015791775658726692,-0.015791775658726692,-0.015791775658726692,human
APCDD1L,,-0.015614318661391735,,,,,,-0.015614318661391735,-0.015614318661391735,-0.015614318661391735,human
KPNB1,,-0.015395053662359715,,,,,,-0.015395053662359715,-0.015395053662359715,-0.015395053662359715,human
PYGL,,-0.014687227085232735,,,,,,-0.014687227085232735,-0.014687227085232735,-0.014687227085232735,human
GNPDA1,,-0.014660424552857876,,,-0.024862229824066162,,,-0.01976132718846202,-0.01976132718846202,-0.014660424552857876,human
CCDC6,,-0.014455991797149181,,,-0.01398220844566822,,,-0.014219100121408701,-0.014219100121408701,-0.014455991797149181,human
RAB31,,-0.014395470730960369,,0.016340255737304688,,,,0.0009723925031721592,0.0009723925031721592,-0.014395470730960369,human
PTGR1,,-0.013741138391196728,,,-0.01938101090490818,,,-0.016561074648052454,-0.016561074648052454,-0.013741138391196728,human
PABPC4,,-0.013574186712503433,,,-0.022108405828475952,,,-0.017841296270489693,-0.017841296270489693,-0.013574186712503433,human
BTBD2,,-0.013469814322888851,,,-0.02485857717692852,,,-0.019164195749908686,-0.019164195749908686,-0.013469814322888851,human
PAPPA,,-0.013242275454103947,,,,,,-0.013242275454103947,-0.013242275454103947,-0.013242275454103947,human
ADSL,,-0.013180963695049286,,,-0.014219035394489765,,,-0.013699999544769526,-0.013699999544769526,-0.013180963695049286,human
RAI14,,-0.012860712595283985,,,,-0.014037122949957848,,-0.013448917772620916,-0.013448917772620916,-0.012860712595283985,human
IGF2BP3,,-0.012833384796977043,,,-0.043999265879392624,,,-0.028416325338184834,-0.028416325338184834,-0.012833384796977043,human
EPN1,,-0.012817448936402798,,,,,,-0.012817448936402798,-0.012817448936402798,-0.012817448936402798,human
SERPINE1,,-0.012680509127676487,,,,,,-0.012680509127676487,-0.012680509127676487,-0.012680509127676487,human
ATIC,,-0.012581903487443924,,,-0.03624946251511574,,,-0.02441568300127983,-0.02441568300127983,-0.012581903487443924,human
TIMM10,,-0.012458471581339836,,,-0.01752716861665249,,,-0.014992820098996162,-0.014992820098996162,-0.012458471581339836,human
CAMLG,,-0.012444841675460339,,,0.020975027233362198,,,0.00426509277895093,0.00426509277895093,-0.012444841675460339,human
CXXC5,,-0.012291253544390202,,,0.022496888414025307,,,0.005102817434817553,0.005102817434817553,-0.012291253544390202,human
LOC645166,,-0.012073664925992489,,,,,,-0.012073664925992489,-0.012073664925992489,-0.012073664925992489,human
PDGFRA,,-0.011970379389822483,,,,,,-0.011970379389822483,-0.011970379389822483,-0.011970379389822483,human
LMO4,,-0.011841673403978348,,,,0.011265472508966923,,-0.0002881004475057125,-0.0002881004475057125,-0.011841673403978348,human
RHOBTB3,,-0.011836116202175617,,,,,,-0.011836116202175617,-0.011836116202175617,-0.011836116202175617,human
ANGPTL2,,-0.011459754779934883,,,,,,-0.011459754779934883,-0.011459754779934883,-0.011459754779934883,human
RPL7L1,,-0.011454830877482891,,,-0.04634702950716019,,,-0.02890093019232154,-0.02890093019232154,-0.011454830877482891,human
RPA3,,-0.01116990391165018,,,-0.027775036171078682,,,-0.01947247004136443,-0.01947247004136443,-0.01116990391165018,human
MMP1,,-0.011113415472209454,,,,,,-0.011113415472209454,-0.011113415472209454,-0.011113415472209454,human
B4GALT5,,-0.011069195345044136,,,-0.018230415880680084,,,-0.01464980561286211,-0.01464980561286211,-0.011069195345044136,human
FLNC,,-0.011022170074284077,,,,-0.04240760952234268,,-0.02671488979831338,-0.02671488979831338,-0.011022170074284077,human
ABCA1,,-0.01099630631506443,,,,,,-0.01099630631506443,-0.01099630631506443,-0.01099630631506443,human
COX7A2L,,-0.010852320119738579,,,,,,-0.010852320119738579,-0.010852320119738579,-0.010852320119738579,human
RARS,,-0.010802109725773335,,,,,,-0.010802109725773335,-0.010802109725773335,-0.010802109725773335,human
HBG2,,,0.09873570501804352,,,,0.2510518431663513,0.17489377409219742,0.17489377409219742,,human
HIST1H2AC,,,-0.028126772493124008,,,,0.09471769630908966,0.033295461907982826,0.033295461907982826,,human
NARS,,,0.013362038880586624,-0.014189280569553375,,,0.04824178293347359,0.015804847081502277,0.013362038880586624,,human
RPL11,,,0.025473598390817642,0.02635085955262184,0.03404885530471802,,0.04803164675831795,0.03347624000161886,0.03019985742866993,,human
RPL13AP5,,,0.036447398364543915,0.03379078954458237,0.024395091459155083,,0.04056493937969208,0.03379955468699336,0.03511909395456314,,human
PHB,,,-0.017961861565709114,,,,0.040118515491485596,0.01107832696288824,0.01107832696288824,,human
NOP58,,,0.01920619048178196,,,,0.039930664002895355,0.029568427242338657,0.029568427242338657,,human
LCP1,,,0.02174551598727703,,,,0.037185195833444595,0.029465355910360813,0.029465355910360813,,human
SNHG1,,,0.028174525126814842,,-0.02962142415344715,,0.035938430577516556,0.011497177183628082,0.028174525126814842,,human
USP16,,,0.014187199994921684,0.014285607263445854,,,0.02796347253024578,0.018812093262871105,0.014285607263445854,,human
HIST1H2BH,,,-0.015945108607411385,,,,0.027525637298822403,0.005790264345705509,0.005790264345705509,,human
HIST2H2AA4,,,-0.05673828348517418,,,,0.026107732206583023,-0.015315275639295578,-0.015315275639295578,,human
SNORD50B,,,-0.015946045517921448,,,,0.020843325182795525,0.0024486398324370384,0.0024486398324370384,,human
COX8A,,,-0.02842913568019867,-0.018489064648747444,0.025319218635559082,,0.018919385969638824,-0.0006698989309370518,0.00021516066044569016,,human
RCN2,,,0.014389152638614178,,,,0.018754350021481514,0.016571751330047846,0.016571751330047846,,human
SON,,,0.05832858383655548,0.01319628395140171,,,0.01848885603249073,0.030004574606815975,0.01848885603249073,,human
UBL5,,,-0.017704959958791733,,,,0.017632413655519485,-3.627315163612366e-05,-3.627315163612366e-05,,human
RCC2,,,0.016787901520729065,,-0.04030872881412506,,0.01738816313445568,-0.0020442213863134384,0.016787901520729065,,human
GMFG,,,0.01912444829940796,,,,-0.09337405115365982,-0.03712480142712593,-0.03712480142712593,,human
NACA,,,0.0593809112906456,,,,-0.062082234770059586,-0.001350661739706993,-0.001350661739706993,,human
SMG1P3,,,0.014455705881118774,,,,-0.06195260211825371,-0.023748448118567467,-0.023748448118567467,,human
H3F3AP4,,,-0.11044667661190033,,0.01801624894142151,,-0.054770030081272125,-0.04906681925058365,-0.054770030081272125,,human
CTCFL,,,-0.016676567494869232,,,,-0.05214320495724678,-0.034409886226058006,-0.034409886226058006,,human
RPL23A,,,-0.06338464468717575,0.1116601750254631,,,-0.04698663204908371,0.0004296327630678813,-0.04698663204908371,,human
ZRANB2,,,0.01352712418884039,,,,-0.03843805193901062,-0.012455463875085115,-0.012455463875085115,,human
RPL31,,,-0.015687046572566032,,0.02023603953421116,,-0.03474092483520508,-0.010063977291186651,-0.015687046572566032,,human
PKD1P1,,,0.0207638218998909,0.05569940432906151,,,-0.03073866106569767,0.015241521721084913,0.0207638218998909,,human
NPIPA1,,,0.014941500499844551,0.06186257675290108,,,-0.03046094812452793,0.015447709709405899,0.014941500499844551,,human
CD24,,,-0.037307269871234894,,,,-0.029376951977610588,-0.03334211092442274,-0.03334211092442274,,human
DEK,,,-0.0341259129345417,,-0.02415762096643448,,-0.02913043089210987,-0.02913798826436202,-0.02913043089210987,,human
UXT,,,-0.013982406817376614,,,,-0.02838130295276642,-0.021181854885071516,-0.021181854885071516,,human
CCNG1,,,-0.03624524921178818,,,,-0.027542581781744957,-0.03189391549676657,-0.03189391549676657,,human
RPL15,,,-0.01617376320064068,,-0.02503901906311512,,-0.026671798899769783,-0.022628193721175194,-0.02503901906311512,,human
TMSB15A,,,-0.03515666350722313,,,,-0.026225078850984573,-0.03069087117910385,-0.03069087117910385,,human
NCOA4,,,0.016377419233322144,,0.02849344164133072,,-0.025782056152820587,0.006362934907277425,0.016377419233322144,,human
BEX4,,,-0.016129624098539352,0.016049453988671303,,,-0.024867825210094452,-0.008315998439987501,-0.016129624098539352,,human
HNRNPK,,,-0.018951307982206345,0.015838932245969772,,,-0.024830248206853867,-0.009314207981030146,-0.018951307982206345,,human
DDX5,,,-0.01281445100903511,,,,-0.02427360787987709,-0.0185440294444561,-0.0185440294444561,,human
RPL26,,,-0.060902614146471024,,0.08729573339223862,,-0.023076707497239113,0.0011054705828428268,-0.023076707497239113,,human
SUMO2,,,-0.03770599514245987,,0.02913111262023449,,-0.022401489317417145,-0.010325457279880842,-0.022401489317417145,,human
ITM2B,,,0.027877306565642357,0.018331829458475113,,,-0.02166890539228916,0.008180076877276102,0.018331829458475113,,human
RLIM,,,-0.03521183505654335,0.01875190995633602,,,-0.020992079749703407,-0.012484001616636911,-0.020992079749703407,,human
KTN1,,,-0.01883402094244957,,,,-0.020933503285050392,-0.01988376211374998,-0.01988376211374998,,human
HIST1H1D,,,-0.022950325161218643,,,,-0.018053818494081497,-0.02050207182765007,-0.02050207182765007,,human
CTNNBL1,,,-0.013802232220768929,,,,-0.017447782680392265,-0.015625007450580597,-0.015625007450580597,,human
ELF1,,,-0.09491334110498428,,,,-0.017109744250774384,-0.056011542677879333,-0.056011542677879333,,human
COX1,,,0.20259225368499756,,,,,0.20259225368499756,0.20259225368499756,,human
IGJ,,,0.12987732887268066,,,,,0.12987732887268066,0.12987732887268066,,human
S100A16,,,0.11489885300397873,,,-0.010878843255341053,,0.05201000487431884,0.05201000487431884,,human
COX2,,,0.10024881362915039,,,,,0.10024881362915039,0.10024881362915039,,human
TCL1A,,,0.09955140203237534,,,,,0.09955140203237534,0.09955140203237534,,human
VPREB1,,,0.090916208922863,,,,,0.090916208922863,0.090916208922863,,human
IRX1,,,0.08663926273584366,,,,,0.08663926273584366,0.08663926273584366,,human
NFKBIZ,,,0.0807114690542221,,,,,0.0807114690542221,0.0807114690542221,,human
LAPTM5,,,0.0636778473854065,0.01582871749997139,,,,0.03975328244268894,0.03975328244268894,,human
RASD1,,,0.06191762164235115,,,,,0.06191762164235115,0.06191762164235115,,human
IFI27,,,0.05921260267496109,,,,,0.05921260267496109,0.05921260267496109,,human
MKNK2,,,0.05691185221076012,,,,,0.05691185221076012,0.05691185221076012,,human
KLF10,,,0.04927840456366539,,,,,0.04927840456366539,0.04927840456366539,,human
ARPC5L,,,0.04885018989443779,-0.021089110523462296,,,,0.013880539685487747,0.013880539685487747,,human
IGHV4-31,,,0.04643385857343674,,,,,0.04643385857343674,0.04643385857343674,,human
YPEL5,,,0.045574434101581573,,,,,0.045574434101581573,0.045574434101581573,,human
TRIM22,,,0.044570717960596085,,,0.017149249091744423,,0.030859983526170254,0.030859983526170254,,human
PIM3,,,0.04434727877378464,,,,,0.04434727877378464,0.04434727877378464,,human
CYTL1,,,0.04327058792114258,,,,,0.04327058792114258,0.04327058792114258,,human
CD19,,,0.04324335232377052,,,,,0.04324335232377052,0.04324335232377052,,human
CLEC2B,,,0.04260725900530815,,,,,0.04260725900530815,0.04260725900530815,,human
TSPAN13,,,0.04176892340183258,,,-0.014789402484893799,,0.013489760458469391,0.013489760458469391,,human
HLA-DRA,,,0.04105866327881813,0.02196609415113926,,,,0.031512378714978695,0.031512378714978695,,human
DCAF6,,,0.04090249910950661,,,,,0.04090249910950661,0.04090249910950661,,human
IQCJ-SCHIP1,,,0.04068557173013687,,,,,0.04068557173013687,0.04068557173013687,,human
TAGLN2,,,0.04057299718260765,,,,,0.04057299718260765,0.04057299718260765,,human
NLRC5,,,0.03957301005721092,,,,,0.03957301005721092,0.03957301005721092,,human
SETD1B,,,0.039436157792806625,,,,,0.039436157792806625,0.039436157792806625,,human
HBA2,,,0.03914542868733406,-0.0739121064543724,,,,-0.017383338883519173,-0.017383338883519173,,human
TCL1B,,,0.03907402604818344,,,,,0.03907402604818344,0.03907402604818344,,human
ADA,,,0.03830908238887787,,,,,0.03830908238887787,0.03830908238887787,,human
CYAT1,,,0.038276053965091705,,,,,0.038276053965091705,0.038276053965091705,,human
CEBPB,,,0.036957357078790665,,0.03442143276333809,,,0.03568939492106438,0.03568939492106438,,human
DDIT4L,,,0.03690548986196518,,,,,0.03690548986196518,0.03690548986196518,,human
UBXN10-AS1,,,0.036239124834537506,,,,,0.036239124834537506,0.036239124834537506,,human
RGS2,,,0.0357467383146286,-0.013236354105174541,,,,0.01125519210472703,0.01125519210472703,,human
PREX1,,,0.035442352294921875,,,,,0.035442352294921875,0.035442352294921875,,human
NPY,,,0.03477758541703224,,,,,0.03477758541703224,0.03477758541703224,,human
LOC100133583,,,0.03443737328052521,,,,,0.03443737328052521,0.03443737328052521,,human
DYNLT1,,,0.03420223668217659,,,,,0.03420223668217659,0.03420223668217659,,human
DNTT,,,0.033086005598306656,,,,,0.033086005598306656,0.033086005598306656,,human
CFAP20,,,0.03216629475355148,,,,,0.03216629475355148,0.03216629475355148,,human
IGHA2,,,0.03072960302233696,,,,,0.03072960302233696,0.03072960302233696,,human
FXYD5,,,0.03046834096312523,,,,,0.03046834096312523,0.03046834096312523,,human
TUSC1,,,0.030258091166615486,,,,,0.030258091166615486,0.030258091166615486,,human
NKG7,,,0.029931098222732544,,,,,0.029931098222732544,0.029931098222732544,,human
HCAR3,,,0.029815269634127617,,,,,0.029815269634127617,0.029815269634127617,,human
LINC00341,,,0.029183268547058105,,,,,0.029183268547058105,0.029183268547058105,,human
SBDSP1,,,0.02863510698080063,,,,,0.02863510698080063,0.02863510698080063,,human
DGKD,,,0.02822759747505188,,,,,0.02822759747505188,0.02822759747505188,,human
LOC93622,,,0.027711110189557076,,,,,0.027711110189557076,0.027711110189557076,,human
PLP2,,,0.027437061071395874,,,,,0.027437061071395874,0.027437061071395874,,human
CMTM2,,,0.027292365208268166,,,0.012661187909543514,,0.01997677655890584,0.01997677655890584,,human
IRF8,,,0.027130790054798126,,,,,0.027130790054798126,0.027130790054798126,,human
C12orf75,,,0.02707814611494541,,,,,0.02707814611494541,0.02707814611494541,,human
CRIP1,,,0.025364844128489494,,,,,0.025364844128489494,0.025364844128489494,,human
LINC01215,,,0.02499903179705143,,,,,0.02499903179705143,0.02499903179705143,,human
CORO1A,,,0.024940399453043938,,,,,0.024940399453043938,0.024940399453043938,,human
ATP5L,,,0.024865107610821724,,,,,0.024865107610821724,0.024865107610821724,,human
IER2,,,0.024540793150663376,,,,,0.024540793150663376,0.024540793150663376,,human
EVI2B,,,0.024393947795033455,,,,,0.024393947795033455,0.024393947795033455,,human
MICAL1,,,0.024188511073589325,,,,,0.024188511073589325,0.024188511073589325,,human
FTH1P5,,,0.024064278230071068,,,,,0.024064278230071068,0.024064278230071068,,human
ATP6V0D1,,,0.023874431848526,,,,,0.023874431848526,0.023874431848526,,human
IL1B,,,0.023807106539607048,,,-0.24002660810947418,,-0.10810975078493357,-0.10810975078493357,,human
SDE2,,,0.023754457011818886,,,,,0.023754457011818886,0.023754457011818886,,human
LRRC70,,,0.02344251424074173,,,,,0.02344251424074173,0.02344251424074173,,human
PPIB,,,0.02324129454791546,,,,,0.02324129454791546,0.02324129454791546,,human
CD82,,,0.023150311782956123,,,,,0.023150311782956123,0.023150311782956123,,human
IRF1,,,0.023098623380064964,,,,,0.023098623380064964,0.023098623380064964,,human
ABHD17C,,,0.02308245375752449,,,,,0.02308245375752449,0.02308245375752449,,human
MRPS21,,,0.022965291514992714,,,,,0.022965291514992714,0.022965291514992714,,human
LOC100507625,,,0.022871915251016617,,,,,0.022871915251016617,0.022871915251016617,,human
CLEC14A,,,0.022805694490671158,,,,,0.022805694490671158,0.022805694490671158,,human
SPCS2P4,,,0.02238599956035614,,,,,0.02238599956035614,0.02238599956035614,,human
MYADM,,,0.022161815315485,,,,,0.022161815315485,0.022161815315485,,human
DNMT1,,,0.02143828757107258,,-0.027695728465914726,,,-0.003128720447421074,-0.003128720447421074,,human
TIPARP,,,0.021341141313314438,,,-0.011074787005782127,,0.005133177153766155,0.005133177153766155,,human
LOC100287628,,,0.02121967077255249,,,,,0.02121967077255249,0.02121967077255249,,human
MGME1,,,0.021153734996914864,,,,,0.021153734996914864,0.021153734996914864,,human
ZNF791,,,0.021101955324411392,,,,,0.021101955324411392,0.021101955324411392,,human
PNRC2,,,0.021024854853749275,,,,,0.021024854853749275,0.021024854853749275,,human
NR4A2,,,0.02096625044941902,,,,,0.02096625044941902,0.02096625044941902,,human
S100A13,,,0.020899314433336258,,,,,0.020899314433336258,0.020899314433336258,,human
DBI,,,0.02077045664191246,0.06326376646757126,0.031231187283992767,,,0.038421803464492164,0.031231187283992767,,human
RSRP1,,,0.02076961100101471,,,,,0.02076961100101471,0.02076961100101471,,human
CHKB-CPT1B,,,0.020418953150510788,,,,,0.020418953150510788,0.020418953150510788,,human
BCL7A,,,0.02017918974161148,,,,,0.02017918974161148,0.02017918974161148,,human
KRT18,,,0.020119821652770042,,,,,0.020119821652770042,0.020119821652770042,,human
CPSF7,,,0.020076679065823555,,,,,0.020076679065823555,0.020076679065823555,,human
MAFF,,,0.01990126445889473,,,,,0.01990126445889473,0.01990126445889473,,human
ANKRD28,,,0.019880568608641624,,,,,0.019880568608641624,0.019880568608641624,,human
TTC3,,,0.01977277547121048,0.031644899398088455,,,,0.025708837434649467,0.025708837434649467,,human
CDK5RAP3,,,0.019591690972447395,,,,,0.019591690972447395,0.019591690972447395,,human
SRP9,,,0.01948867365717888,0.013614825904369354,,,,0.016551749780774117,0.016551749780774117,,human
SYTL1,,,0.019473940134048462,,,0.01096274796873331,,0.015218344051390886,0.015218344051390886,,human
RILPL2,,,0.019417641684412956,,,,,0.019417641684412956,0.019417641684412956,,human
SERINC5,,,0.019398532807826996,0.012430017814040184,,,,0.01591427531093359,0.01591427531093359,,human
SH3BGRL3,,,0.01909065991640091,,,,,0.01909065991640091,0.01909065991640091,,human
TOPORS,,,0.019049562513828278,,,,,0.019049562513828278,0.019049562513828278,,human
KCTD12,,,0.019009103998541832,0.016510477289557457,,,,0.017759790644049644,0.017759790644049644,,human
LST1,,,0.018996190279722214,,,,,0.018996190279722214,0.018996190279722214,,human
OVOS2,,,0.018876271322369576,,,,,0.018876271322369576,0.018876271322369576,,human
NAA20,,,0.018720410764217377,,,,,0.018720410764217377,0.018720410764217377,,human
ADIPOR2,,,0.018697932362556458,0.024446558207273483,,,,0.02157224528491497,0.02157224528491497,,human
UCP2,,,0.018603695556521416,,,-0.010696889832615852,,0.003953402861952782,0.003953402861952782,,human
FAM101B,,,0.018565580248832703,,,,,0.018565580248832703,0.018565580248832703,,human
ADAR,,,0.01853376254439354,,,,,0.01853376254439354,0.01853376254439354,,human
WASIR2,,,0.018500154837965965,,,,,0.018500154837965965,0.018500154837965965,,human
KLHL15,,,0.01846431940793991,,,,,0.01846431940793991,0.01846431940793991,,human
HERC2P9,,,0.01844421960413456,,,,,0.01844421960413456,0.01844421960413456,,human
CBX4,,,0.01837928779423237,,,,,0.01837928779423237,0.01837928779423237,,human
NINJ1,,,0.01835470460355282,,,,,0.01835470460355282,0.01835470460355282,,human
CA2,,,0.018213758245110512,0.034424468874931335,,,,0.026319113560020924,0.026319113560020924,,human
HBM,,,0.018207451328635216,,,,,0.018207451328635216,0.018207451328635216,,human
CKLF,,,0.018037358298897743,,,,,0.018037358298897743,0.018037358298897743,,human
MMADHC,,,0.01802525483071804,,,,,0.01802525483071804,0.01802525483071804,,human
ANXA2P2,,,0.017931394279003143,,-0.02205364778637886,,,-0.0020611267536878586,-0.0020611267536878586,,human
KCNK12,,,0.01791449449956417,,0.02887008525431156,,,0.023392289876937866,0.023392289876937866,,human
GIMAP2,,,0.017886986956000328,,,,,0.017886986956000328,0.017886986956000328,,human
KLF6,,,0.01777087338268757,,-0.01574506238102913,,,0.0010129055008292198,0.0010129055008292198,,human
HLA-DRB4,,,0.017730850726366043,0.026024308055639267,,,,0.021877579391002655,0.021877579391002655,,human
RANBP6,,,0.01759294420480728,,,,,0.01759294420480728,0.01759294420480728,,human
CPVL,,,0.01758219301700592,,,,,0.01758219301700592,0.01758219301700592,,human
FAM134B,,,0.017576880753040314,,,-0.015385030768811703,,0.0010959249921143055,0.0010959249921143055,,human
IFI16,,,0.01755862683057785,,,,,0.01755862683057785,0.01755862683057785,,human
KIAA0125,,,0.017544856294989586,,,,,0.017544856294989586,0.017544856294989586,,human
THEMIS2,,,0.017496434971690178,,,,,0.017496434971690178,0.017496434971690178,,human
GTF2B,,,0.017338505014777184,,,,,0.017338505014777184,0.017338505014777184,,human
UHRF2,,,0.01727963797748089,,,,,0.01727963797748089,0.01727963797748089,,human
EVI2A,,,0.01718563586473465,,,,,0.01718563586473465,0.01718563586473465,,human
HSH2D,,,0.017184488475322723,,,,,0.017184488475322723,0.017184488475322723,,human
FOSB,,,0.01703696697950363,,,,,0.01703696697950363,0.01703696697950363,,human
SESN1,,,0.016947509720921516,,,,,0.016947509720921516,0.016947509720921516,,human
HSPA13,,,0.016692476347088814,,,0.010696310549974442,,0.013694393448531628,0.013694393448531628,,human
HMHA1,,,0.01664779707789421,,,,,0.01664779707789421,0.01664779707789421,,human
KLHL2,,,0.016397932544350624,,,,,0.016397932544350624,0.016397932544350624,,human
SEC61B,,,0.016298990696668625,,0.021194875240325928,,,0.018746932968497276,0.018746932968497276,,human
PIGP,,,0.016290917992591858,0.01651822216808796,,,,0.01640457008033991,0.01640457008033991,,human
TPD52L2,,,0.016131626442074776,,,,,0.016131626442074776,0.016131626442074776,,human
WASF1,,,0.016084639355540276,,,,,0.016084639355540276,0.016084639355540276,,human
SNRPG,,,0.015815982595086098,,0.044620443135499954,,,0.030218212865293026,0.030218212865293026,,human
IGLC7,,,0.01573706418275833,,,,,0.01573706418275833,0.01573706418275833,,human
PSMA1,,,0.01567951962351799,,,,,0.01567951962351799,0.01567951962351799,,human
PLS3,,,0.015566733665764332,,-0.02149706333875656,,,-0.0029651648364961147,-0.0029651648364961147,,human
RAB34,,,0.015518125146627426,,0.01444068644195795,,,0.014979405794292688,0.014979405794292688,,human
LAP3,,,0.015486241318285465,,,,,0.015486241318285465,0.015486241318285465,,human
HMBS,,,0.015365837141871452,,,,,0.015365837141871452,0.015365837141871452,,human
PRR11,,,0.015337714925408363,,,,,0.015337714925408363,0.015337714925408363,,human
HIF1A,,,0.015308276750147343,0.01586381532251835,,,,0.015586046036332846,0.015586046036332846,,human
UBA7,,,0.015205289237201214,,,,,0.015205289237201214,0.015205289237201214,,human
PLAC8,,,0.015176725573837757,,,,,0.015176725573837757,0.015176725573837757,,human
FAM53C,,,0.015010339207947254,,,,,0.015010339207947254,0.015010339207947254,,human
RAD51AP1,,,0.014792103320360184,,,,,0.014792103320360184,0.014792103320360184,,human
CCL17,,,0.014764681458473206,,,,,0.014764681458473206,0.014764681458473206,,human
ECM1,,,0.014741296879947186,,,,,0.014741296879947186,0.014741296879947186,,human
RASSF2,,,0.014720160514116287,,,,,0.014720160514116287,0.014720160514116287,,human
RPS16P5,,,0.014708719216287136,,,,,0.014708719216287136,0.014708719216287136,,human
C21orf33,,,0.014693694189190865,,,,,0.014693694189190865,0.014693694189190865,,human
TERF2IP,,,0.014636239968240261,,,,,0.014636239968240261,0.014636239968240261,,human
RBM38,,,0.014566353522241116,,,,,0.014566353522241116,0.014566353522241116,,human
KDM2B,,,0.014557074755430222,,,,,0.014557074755430222,0.014557074755430222,,human
NCF2,,,0.0145250353962183,,,-0.022310152649879456,,-0.003892558626830578,-0.003892558626830578,,human
H1F0,,,0.014497736468911171,,-0.015071476809680462,,,-0.00028687017038464546,-0.00028687017038464546,,human
PAPD5,,,0.014377380721271038,,,,,0.014377380721271038,0.014377380721271038,,human
FBXO33,,,0.014358174055814743,,,,,0.014358174055814743,0.014358174055814743,,human
MIR22HG,,,0.014218819327652454,,,,,0.014218819327652454,0.014218819327652454,,human
ZNF217,,,0.014207395724952221,,,,,0.014207395724952221,0.014207395724952221,,human
BLVRB,,,0.014106202870607376,,,,,0.014106202870607376,0.014106202870607376,,human
HAUS3,,,0.014058285392820835,,,,,0.014058285392820835,0.014058285392820835,,human
HBB,,,0.013927635736763477,-0.12738043069839478,,,,-0.05672639748081565,-0.05672639748081565,,human
TMEM243,,,0.013882966712117195,,,,,0.013882966712117195,0.013882966712117195,,human
PDGFA,,,0.013815514743328094,,,,,0.013815514743328094,0.013815514743328094,,human
CDK11A,,,0.013549571856856346,,,,,0.013549571856856346,0.013549571856856346,,human
NXF1,,,0.013519246131181717,,,,,0.013519246131181717,0.013519246131181717,,human
EBF1,,,0.013492782600224018,,,,,0.013492782600224018,0.013492782600224018,,human
SDHAP2,,,0.01344089675694704,,,,,0.01344089675694704,0.01344089675694704,,human
SASH3,,,0.013408276252448559,,,,,0.013408276252448559,0.013408276252448559,,human
SGK1,,,0.01340395212173462,0.03175404667854309,,,,0.022578999400138855,0.022578999400138855,,human
FAM96A,,,0.01331301312893629,,,,,0.01331301312893629,0.01331301312893629,,human
CRLF2,,,0.013269632123410702,,,,,0.013269632123410702,0.013269632123410702,,human
FADS3,,,0.013215373270213604,,,,,0.013215373270213604,0.013215373270213604,,human
ITGB2,,,0.013201885856688023,0.016784092411398888,,,,0.014992989134043455,0.014992989134043455,,human
LCN10,,,0.013070308603346348,,,,,0.013070308603346348,0.013070308603346348,,human
FBXL3,,,0.012952000834047794,,,,,0.012952000834047794,0.012952000834047794,,human
PNISR,,,0.012896642088890076,,-0.022781334817409515,,,-0.00494234636425972,-0.00494234636425972,,human
LGMN,,,0.012757728807628155,,,,,0.012757728807628155,0.012757728807628155,,human
UGCG,,,0.01271052286028862,,,,,0.01271052286028862,0.01271052286028862,,human
GNA15,,,0.01259532943367958,,,,,0.01259532943367958,0.01259532943367958,,human
ITGB2-AS1,,,0.012576784007251263,,,,,0.012576784007251263,0.012576784007251263,,human
BPGM,,,0.012563337571918964,,,-0.012865493074059486,,-0.000151077751070261,-0.000151077751070261,,human
ZNF423,,,0.012559291906654835,,,,,0.012559291906654835,0.012559291906654835,,human
MCM2,,,0.012497352436184883,,,,,0.012497352436184883,0.012497352436184883,,human
ETF1,,,0.012475453317165375,,,,,0.012475453317165375,0.012475453317165375,,human
LCN6,,,0.012453646399080753,,,,,0.012453646399080753,0.012453646399080753,,human
LUZP6,,,0.012448775582015514,,,,,0.012448775582015514,0.012448775582015514,,human
VPREB3,,,0.01235822681337595,,,,,0.01235822681337595,0.01235822681337595,,human
LOC100510649,,,0.012355031445622444,,,,,0.012355031445622444,0.012355031445622444,,human
SH3BP5,,,0.01232688594609499,,,,,0.01232688594609499,0.01232688594609499,,human
TMSB4XP8,,,-0.15929611027240753,,,,,-0.15929611027240753,-0.15929611027240753,,human
ATF4,,,-0.11390112340450287,-0.024872494861483574,,,,-0.06938680913299322,-0.06938680913299322,,human
ODC1,,,-0.11289095133543015,,,,,-0.11289095133543015,-0.11289095133543015,,human
CD69,,,-0.08776021003723145,,,,,-0.08776021003723145,-0.08776021003723145,,human
PTMA,,,-0.08060584217309952,0.036347124725580215,0.0756501704454422,,,0.010463817665974299,0.036347124725580215,,human
TNFAIP3,,,-0.07219363003969193,,,,,-0.07219363003969193,-0.07219363003969193,,human
ITGAE,,,-0.0677611380815506,,,,,-0.0677611380815506,-0.0677611380815506,,human
MIR1244-2,,,-0.06774523854255676,0.013207590207457542,,,,-0.02726882416754961,-0.02726882416754961,,human
P2RX5,,,-0.06450558453798294,,,,,-0.06450558453798294,-0.06450558453798294,,human
LOC728026,,,-0.06417377293109894,,,,,-0.06417377293109894,-0.06417377293109894,,human
PTP4A2,,,-0.06171221658587456,0.0217577051371336,,,,-0.01997725572437048,-0.01997725572437048,,human
TMA7,,,-0.055056992918252945,,0.04249633476138115,,,-0.006280329078435898,-0.006280329078435898,,human
VAMP8,,,-0.05330850929021835,,,,,-0.05330850929021835,-0.05330850929021835,,human
PAN3,,,-0.05083727464079857,,,,,-0.05083727464079857,-0.05083727464079857,,human
NME1-NME2,,,-0.048327941447496414,-0.017746876925230026,,,,-0.03303740918636322,-0.03303740918636322,,human
HSP90AB1,,,-0.04820891097187996,0.020117053762078285,0.03743257001042366,,,0.0031135709335406623,0.020117053762078285,,human
PROM1,,,-0.0481334924697876,,,,,-0.0481334924697876,-0.0481334924697876,,human
IRS2,,,-0.04653932899236679,0.020932640880346298,,,,-0.012803344056010246,-0.012803344056010246,,human
ND2,,,-0.04634382948279381,,,,,-0.04634382948279381,-0.04634382948279381,,human
LYZ,,,-0.045407962054014206,,,,,-0.045407962054014206,-0.045407962054014206,,human
CD52,,,-0.04514361917972565,,,,,-0.04514361917972565,-0.04514361917972565,,human
TUBA1A,,,-0.044369157403707504,-0.023945584893226624,-0.020456725731492043,-0.012022561393678188,,-0.02519850735552609,-0.022201155312359333,,human
HSP90AA1,,,-0.04385555163025856,,,,,-0.04385555163025856,-0.04385555163025856,,human
RPL36,,,-0.0434706024825573,,,,,-0.0434706024825573,-0.0434706024825573,,human
ANXA5,,,-0.03738771378993988,0.014010652899742126,,,,-0.011688530445098877,-0.011688530445098877,,human
IGLL1,,,-0.035950493067502975,,,,,-0.035950493067502975,-0.035950493067502975,,human
DANCR,,,-0.03470175713300705,,0.02403704635798931,,,-0.005332355387508869,-0.005332355387508869,,human
EEF1A1,,,-0.034592486917972565,0.11877896636724472,-0.021259315311908722,,,0.020975721379121143,-0.021259315311908722,,human
LOC100507328,,,-0.03430718556046486,,,,,-0.03430718556046486,-0.03430718556046486,,human
FOS,,,-0.034152671694755554,,-0.07494786381721497,,,-0.05455026775598526,-0.05455026775598526,,human
SMIM3,,,-0.03407999128103256,,,,,-0.03407999128103256,-0.03407999128103256,,human
EEF1A1P9,,,-0.03385457396507263,,,,,-0.03385457396507263,-0.03385457396507263,,human
P2RY8,,,-0.03384445980191231,,,,,-0.03384445980191231,-0.03384445980191231,,human
RPS14P3,,,-0.03333185240626335,,,,,-0.03333185240626335,-0.03333185240626335,,human
CCNB1IP1,,,-0.03328686207532883,,,,,-0.03328686207532883,-0.03328686207532883,,human
C4orf46,,,-0.03264632076025009,0.014267947524785995,,,,-0.009189186617732048,-0.009189186617732048,,human
UBE2E3,,,-0.03187590837478638,,,,,-0.03187590837478638,-0.03187590837478638,,human
HMGN3,,,-0.030955174937844276,0.019842850044369698,,,,-0.005556162446737289,-0.005556162446737289,,human
TNF,,,-0.030049392953515053,,,,,-0.030049392953515053,-0.030049392953515053,,human
F13A1,,,-0.029832886531949043,,,,,-0.029832886531949043,-0.029832886531949043,,human
RPL14,,,-0.028801260516047478,,,,,-0.028801260516047478,-0.028801260516047478,,human
PSMB6,,,-0.028712481260299683,,-0.03524555265903473,,,-0.031979016959667206,-0.031979016959667206,,human
TOMM6,,,-0.027750704437494278,,-0.018082672730088234,,,-0.022916688583791256,-0.022916688583791256,,human
JUN,,,-0.027666477486491203,,,,,-0.027666477486491203,-0.027666477486491203,,human
SNHG6,,,-0.027438730001449585,,,,,-0.027438730001449585,-0.027438730001449585,,human
ALYREF,,,-0.027413668110966682,,,,,-0.027413668110966682,-0.027413668110966682,,human
SNURF,,,-0.02739487588405609,,,,,-0.02739487588405609,-0.02739487588405609,,human
BTBD6,,,-0.026212483644485474,,,,,-0.026212483644485474,-0.026212483644485474,,human
C14orf2,,,-0.02614564821124077,-0.028727369382977486,,,,-0.027436508797109127,-0.027436508797109127,,human
VDAC2,,,-0.026128023862838745,-0.012840796262025833,,,,-0.01948441006243229,-0.01948441006243229,,human
TMEM14B,,,-0.026109594851732254,,,,,-0.026109594851732254,-0.026109594851732254,,human
PMAIP1,,,-0.025937382131814957,,,,,-0.025937382131814957,-0.025937382131814957,,human
DDAH2,,,-0.025594767183065414,,,,,-0.025594767183065414,-0.025594767183065414,,human
GYPC,,,-0.025526661425828934,,,,,-0.025526661425828934,-0.025526661425828934,,human
LSM7,,,-0.025474799796938896,,0.02729169651865959,,,0.0009084483608603477,0.0009084483608603477,,human
GPR160,,,-0.024564312770962715,,,,,-0.024564312770962715,-0.024564312770962715,,human
LMO2,,,-0.024459997192025185,,,,,-0.024459997192025185,-0.024459997192025185,,human
KANSL1,,,-0.024360140785574913,,,,,-0.024360140785574913,-0.024360140785574913,,human
BMI1,,,-0.023971524089574814,,,,,-0.023971524089574814,-0.023971524089574814,,human
LAMP5,,,-0.023400986567139626,,,,,-0.023400986567139626,-0.023400986567139626,,human
RPL41,,,-0.02321719378232956,0.11328437179327011,,,,0.045033589005470276,0.045033589005470276,,human
HIST1H2BG,,,-0.02300884574651718,,,,,-0.02300884574651718,-0.02300884574651718,,human
VAT1L,,,-0.022705351933836937,,-0.023170918226242065,,,-0.0229381350800395,-0.0229381350800395,,human
EIF1,,,-0.022528832778334618,,,,,-0.022528832778334618,-0.022528832778334618,,human
AAED1,,,-0.02209830842912197,,,,,-0.02209830842912197,-0.02209830842912197,,human
CSNK2B,,,-0.02180097997188568,,,,,-0.02180097997188568,-0.02180097997188568,,human
S100A9,,,-0.021646371111273766,,,,,-0.021646371111273766,-0.021646371111273766,,human
H2BFS,,,-0.021547507494688034,,,,,-0.021547507494688034,-0.021547507494688034,,human
GPX1,,,-0.02152726799249649,,,,,-0.02152726799249649,-0.02152726799249649,,human
TBCB,,,-0.02098904736340046,,,,,-0.02098904736340046,-0.02098904736340046,,human
PABPC3,,,-0.02090885303914547,0.02793756127357483,,,,0.0035143541172146797,0.0035143541172146797,,human
NHP2,,,-0.020888403058052063,-0.015642574056982994,,,,-0.01826548855751753,-0.01826548855751753,,human
ARMCX6,,,-0.02087854966521263,,,,,-0.02087854966521263,-0.02087854966521263,,human
LOC728825,,,-0.020799634978175163,,,,,-0.020799634978175163,-0.020799634978175163,,human
RPL39,,,-0.02062973380088806,,0.042443446815013885,,,0.010906856507062912,0.010906856507062912,,human
SMAP1,,,-0.020467767491936684,,,,,-0.020467767491936684,-0.020467767491936684,,human
CRNDE,,,-0.020276889204978943,,,,,-0.020276889204978943,-0.020276889204978943,,human
NDUFA12,,,-0.019797349348664284,,,,,-0.019797349348664284,-0.019797349348664284,,human
HNRNPA0,,,-0.019718505442142487,,-0.0179909560829401,,,-0.018854730762541294,-0.018854730762541294,,human
TBCC,,,-0.019699249416589737,,,,,-0.019699249416589737,-0.019699249416589737,,human
HIST1H2AE,,,-0.01962522231042385,,,,,-0.01962522231042385,-0.01962522231042385,,human
BLNK,,,-0.01929464563727379,,,,,-0.01929464563727379,-0.01929464563727379,,human
ECHS1,,,-0.019099470227956772,,,,,-0.019099470227956772,-0.019099470227956772,,human
TRPM4,,,-0.019013548269867897,,,,,-0.019013548269867897,-0.019013548269867897,,human
SIGLEC15,,,-0.018830426037311554,,,-0.02041940577328205,,-0.019624915905296803,-0.019624915905296803,,human
RPL32,,,-0.018756097182631493,0.040148984640836716,,,,0.010696443729102612,0.010696443729102612,,human
PXDN,,,-0.018559221178293228,,,,,-0.018559221178293228,-0.018559221178293228,,human
SRP14,,,-0.018558798357844353,0.016025042161345482,-0.03424384817481041,,,-0.012259201457103094,-0.018558798357844353,,human
TSSC1,,,-0.01836640015244484,,,,,-0.01836640015244484,-0.01836640015244484,,human
EMC6,,,-0.018311578780412674,,,,,-0.018311578780412674,-0.018311578780412674,,human
GDI2,,,-0.018017686903476715,,,,,-0.018017686903476715,-0.018017686903476715,,human
IRF2BPL,,,-0.017879895865917206,,0.018624432384967804,,,0.00037226825952529907,0.00037226825952529907,,human
S100A8,,,-0.01758572831749916,,,,,-0.01758572831749916,-0.01758572831749916,,human
RGL1,,,-0.017541347071528435,,,,,-0.017541347071528435,-0.017541347071528435,,human
CSRP2,,,-0.017421025782823563,,-0.017054783180356026,-0.03898060321807861,,-0.024485470727086067,-0.017421025782823563,,human
SLC25A33,,,-0.017355937510728836,,,,,-0.017355937510728836,-0.017355937510728836,,human
MORF4,,,-0.017340432852506638,,,,,-0.017340432852506638,-0.017340432852506638,,human
GNG5,,,-0.017262879759073257,0.014665942639112473,,,,-0.0012984685599803925,-0.0012984685599803925,,human
SETP4,,,-0.01725681684911251,,,,,-0.01725681684911251,-0.01725681684911251,,human
HIST1H2BD,,,-0.017223671078681946,,,,,-0.017223671078681946,-0.017223671078681946,,human
CBX1,,,-0.017025811597704887,,,,,-0.017025811597704887,-0.017025811597704887,,human
TSTD1,,,-0.017003126442432404,,,,,-0.017003126442432404,-0.017003126442432404,,human
ARF6,,,-0.01681237295269966,,,,,-0.01681237295269966,-0.01681237295269966,,human
PGAM1,,,-0.016739895567297935,-0.04224669933319092,,,,-0.029493297450244427,-0.029493297450244427,,human
HIST1H2BF,,,-0.016732454299926758,,,,,-0.016732454299926758,-0.016732454299926758,,human
PLIN3,,,-0.016606371849775314,,,,,-0.016606371849775314,-0.016606371849775314,,human
SPIN1,,,-0.016492685303092003,,,,,-0.016492685303092003,-0.016492685303092003,,human
RPL18AP3,,,-0.016270022839307785,,,,,-0.016270022839307785,-0.016270022839307785,,human
CUEDC2,,,-0.016242558136582375,,,,,-0.016242558136582375,-0.016242558136582375,,human
WDR82,,,-0.016164390370249748,,,,,-0.016164390370249748,-0.016164390370249748,,human
PPP1R18,,,-0.016155151650309563,,,,,-0.016155151650309563,-0.016155151650309563,,human
STK26,,,-0.01598246768116951,,,,,-0.01598246768116951,-0.01598246768116951,,human
BAZ1A,,,-0.015868162736296654,,,,,-0.015868162736296654,-0.015868162736296654,,human
TMEM256,,,-0.01571303978562355,,-0.02006893791258335,,,-0.01789098884910345,-0.01789098884910345,,human
HIST1H3D,,,-0.015712318941950798,,,,,-0.015712318941950798,-0.015712318941950798,,human
MAD2L2,,,-0.015480294823646545,,,,,-0.015480294823646545,-0.015480294823646545,,human
LOC100510525,,,-0.015428632497787476,,,,,-0.015428632497787476,-0.015428632497787476,,human
UHRF1,,,-0.015362437814474106,,,,,-0.015362437814474106,-0.015362437814474106,,human
RPPH1,,,-0.015295580960810184,,,,,-0.015295580960810184,-0.015295580960810184,,human
FBXO25,,,-0.015112821944057941,,,,,-0.015112821944057941,-0.015112821944057941,,human
NXT1,,,-0.01503659226000309,,,,,-0.01503659226000309,-0.01503659226000309,,human
NFIL3,,,-0.014828871935606003,,,,,-0.014828871935606003,-0.014828871935606003,,human
GPR171,,,-0.014818679541349411,,,,,-0.014818679541349411,-0.014818679541349411,,human
UCK2,,,-0.014784864149987698,,,,,-0.014784864149987698,-0.014784864149987698,,human
DRG1,,,-0.014743327163159847,,,,,-0.014743327163159847,-0.014743327163159847,,human
C1QTNF4,,,-0.014706728979945183,,,,,-0.014706728979945183,-0.014706728979945183,,human
ND6,,,-0.01454183366149664,,,,,-0.01454183366149664,-0.01454183366149664,,human
ENOPH1,,,-0.014498540200293064,,,,,-0.014498540200293064,-0.014498540200293064,,human
TRAPPC8,,,-0.01435778010636568,,,,,-0.01435778010636568,-0.01435778010636568,,human
RNF138,,,-0.014254474081099033,,,,,-0.014254474081099033,-0.014254474081099033,,human
LOC100133862,,,-0.014251027256250381,,,,,-0.014251027256250381,-0.014251027256250381,,human
PEBP1,,,-0.014074862003326416,-0.017129894345998764,0.03816722705960274,,,0.0023208235700925193,-0.014074862003326416,,human
BRD2,,,-0.014051960781216621,,,,,-0.014051960781216621,-0.014051960781216621,,human
SMAD7,,,-0.013977164402604103,,,,,-0.013977164402604103,-0.013977164402604103,,human
MRPL14,,,-0.013832892291247845,,,,,-0.013832892291247845,-0.013832892291247845,,human
NME1,,,-0.01375880278646946,-0.019114959985017776,,,,-0.016436881385743618,-0.016436881385743618,,human
GLYR1,,,-0.013617916032671928,,,,,-0.013617916032671928,-0.013617916032671928,,human
YWHAZ,,,-0.013603361323475838,0.012308423407375813,,,,-0.0006474689580500126,-0.0006474689580500126,,human
FAM171A1,,,-0.013480906374752522,,-0.020295867696404457,,,-0.01688838703557849,-0.01688838703557849,,human
SMIM24,,,-0.013416735455393791,,,,,-0.013416735455393791,-0.013416735455393791,,human
RYBP,,,-0.013398529961705208,,,,,-0.013398529961705208,-0.013398529961705208,,human
HIST1H2BE,,,-0.013387436047196388,,,,,-0.013387436047196388,-0.013387436047196388,,human
PRKCH,,,-0.013326224870979786,,,,,-0.013326224870979786,-0.013326224870979786,,human
VPS26B,,,-0.013308195397257805,,,,,-0.013308195397257805,-0.013308195397257805,,human
UAP1,,,-0.013181673362851143,,,,,-0.013181673362851143,-0.013181673362851143,,human
RBM3,,,-0.013178971596062183,,,,,-0.013178971596062183,-0.013178971596062183,,human
IGBP1,,,-0.01308460533618927,,,,,-0.01308460533618927,-0.01308460533618927,,human
TUBB2A,,,-0.013058637268841267,-0.1144121065735817,0.0631570816040039,-0.01611466147005558,,-0.02010708092711866,-0.014586649369448423,,human
UBQLN2,,,-0.013045383617281914,,,,,-0.013045383617281914,-0.013045383617281914,,human
EIF3G,,,-0.01301905233412981,,-0.019794294610619545,,,-0.016406673472374678,-0.016406673472374678,,human
PPBP,,,-0.012898855842649937,,,-0.029443195089697838,,-0.021171025466173887,-0.021171025466173887,,human
PTENP1,,,-0.012858754955232143,,,,,-0.012858754955232143,-0.012858754955232143,,human
ANXA2R,,,-0.012738307006657124,,,,,-0.012738307006657124,-0.012738307006657124,,human
PFDN2,,,-0.012717405334115028,,,,,-0.012717405334115028,-0.012717405334115028,,human
HOXA10,,,-0.012670136988162994,,,,,-0.012670136988162994,-0.012670136988162994,,human
SPINK2,,,-0.012615615501999855,,,,,-0.012615615501999855,-0.012615615501999855,,human
ASMTL,,,-0.012537931092083454,,,,,-0.012537931092083454,-0.012537931092083454,,human
HLA-DMA,,,-0.012501264922320843,,,,,-0.012501264922320843,-0.012501264922320843,,human
PHACTR3,,,-0.012490210123360157,,,,,-0.012490210123360157,-0.012490210123360157,,human
NT5C3B,,,-0.012462705373764038,,,,,-0.012462705373764038,-0.012462705373764038,,human
SPRY2,,,-0.012447460554540157,,0.015425349585711956,,,0.0014889445155858994,0.0014889445155858994,,human
CRYM,,,-0.012333647347986698,-0.033434126526117325,,0.012484441511332989,,-0.011094444120923678,-0.012333647347986698,,human
LY86,,,-0.012294141575694084,,,,,-0.012294141575694084,-0.012294141575694084,,human
C21orf59,,,,0.01273494865745306,,,0.05041501298546791,0.031574980821460485,0.031574980821460485,,human
ATP5G1,,,,-0.015619102865457535,,,0.04987700283527374,0.017128949984908104,0.017128949984908104,,human
U2AF1,,,,0.02480499818921089,,,0.04332670196890831,0.0340658500790596,0.0340658500790596,,human
RPS24,,,,0.04112876206636429,0.01742839626967907,,0.042242322117090225,0.0335998268177112,0.04112876206636429,,human
SELT,,,,0.01284109428524971,,,0.02737831138074398,0.020109702832996845,0.020109702832996845,,human
USP25,,,,0.012864782474935055,,,0.022406311705708504,0.01763554709032178,0.01763554709032178,,human
MLLT11,,,,-0.04784122854471207,0.0316791832447052,-0.015067069791257381,0.021976327523589134,-0.0023131968919187784,0.0034546288661658764,,human
RPL8,,,,0.031475357711315155,,,0.019832352176308632,0.025653854943811893,0.025653854943811893,,human
COX7B,,,,-0.016636136919260025,0.034983079880476,,-0.08183527737855911,-0.02116277813911438,-0.016636136919260025,,human
SH3BGRL,,,,0.014020205475389957,,,-0.05179881677031517,-0.018889305647462606,-0.018889305647462606,,human
ELMO1,,,,-0.014877407811582088,,,-0.03919758275151253,-0.027037495281547308,-0.027037495281547308,,human
LEPROT,,,,0.014335828833281994,,,-0.033328451216220856,-0.009496311191469431,-0.009496311191469431,,human
PJA2,,,,0.01340683177113533,,,-0.02814972586929798,-0.0073714470490813255,-0.0073714470490813255,,human
YWHAE,,,,0.014838705770671368,,,-0.027350131422281265,-0.006255712825804949,-0.006255712825804949,,human
DYNLT3,,,,-0.014731686562299728,,,-0.0255569014698267,-0.020144294016063213,-0.020144294016063213,,human
CANX,,,,0.019756454974412918,,,-0.02506725862622261,-0.002655401825904846,-0.002655401825904846,,human
PRKCB,,,,-0.02735251933336258,,,-0.021214190870523453,-0.024283355101943016,-0.024283355101943016,,human
FCER1G,,,,0.01995704136788845,,,-0.01849973201751709,0.0007286546751856804,0.0007286546751856804,,human
ERBB2IP,,,,0.02474808134138584,,,-0.018240418285131454,0.0032538315281271935,0.0032538315281271935,,human
RAC1,,,,0.022516489028930664,,,-0.017694827169179916,0.002410830929875374,0.002410830929875374,,human
MGST3,,,,-0.024152733385562897,0.024066897109150887,,-0.016562823206186295,-0.005549553160866101,-0.016562823206186295,,human
PTGDS,,,,0.1697995513677597,,,,0.1697995513677597,0.1697995513677597,,human
MT1E,,,,0.16674619913101196,,-0.0288778617978096,,0.06893416866660118,0.06893416866660118,,human
FAM107A,,,,0.16184602677822113,,,,0.16184602677822113,0.16184602677822113,,human
MT1H,,,,0.1375637650489807,,-0.016885900869965553,,0.06033893208950758,0.06033893208950758,,human
VIM,,,,0.11101685464382172,0.02675214782357216,,,0.06888450123369694,0.06888450123369694,,human
MT1HL1,,,,0.09767293184995651,,,,0.09767293184995651,0.09767293184995651,,human
QDPR,,,,0.08851137012243271,,,,0.08851137012243271,0.08851137012243271,,human
PCDHGA1,,,,0.08524908125400543,,,,0.08524908125400543,0.08524908125400543,,human
SPP1,,,,0.0820528194308281,0.016144806519150734,,,0.049098812974989414,0.049098812974989414,,human
MT1X,,,,0.08199969679117203,0.06478199362754822,-0.020493336021900177,,0.042096118132273354,0.06478199362754822,,human
SLC1A3,,,,0.07360463589429855,,,,0.07360463589429855,0.07360463589429855,,human
PLEKHB1,,,,0.05966788902878761,,,,0.05966788902878761,0.05966788902878761,,human
ATP1A2,,,,0.059607625007629395,,,,0.059607625007629395,0.059607625007629395,,human
MT1F,,,,0.05804301053285599,-0.014484545215964317,-0.04257979989051819,,0.0003262218087911606,-0.014484545215964317,,human
CLU,,,,0.05671438202261925,,,,0.05671438202261925,0.05671438202261925,,human
GLUL,,,,0.0537073090672493,,,,0.0537073090672493,0.0537073090672493,,human
ADD3,,,,0.05266290158033371,,,,0.05266290158033371,0.05266290158033371,,human
C3,,,,0.0491906963288784,,,,0.0491906963288784,0.0491906963288784,,human
APOLD1,,,,0.04811787232756615,,,,0.04811787232756615,0.04811787232756615,,human
KIF5C,,,,0.04489594325423241,,,,0.04489594325423241,0.04489594325423241,,human
XIST,,,,0.044261228293180466,,,,0.044261228293180466,0.044261228293180466,,human
PLP1,,,,0.043808817863464355,,,,0.043808817863464355,0.043808817863464355,,human
ETNPPL,,,,0.0428277887403965,,,,0.0428277887403965,0.0428277887403965,,human
PMP22,,,,0.0412331260740757,,,,0.0412331260740757,0.0412331260740757,,human
LOC100505584,,,,0.04122771695256233,,,,0.04122771695256233,0.04122771695256233,,human
PMP2,,,,0.0397992767393589,,,,0.0397992767393589,0.0397992767393589,,human
HILPDA,,,,0.03896253928542137,,,,0.03896253928542137,0.03896253928542137,,human
HNRNPA1P10,,,,0.03781985864043236,-0.038651242852211,,,-0.0004156921058893204,-0.0004156921058893204,,human
MAOB,,,,0.03731529042124748,,,,0.03731529042124748,0.03731529042124748,,human
ITPKB,,,,0.037227679044008255,,,,0.037227679044008255,0.037227679044008255,,human
AGT,,,,0.03638763353228569,,,,0.03638763353228569,0.03638763353228569,,human
PADI2,,,,0.03522804379463196,,,,0.03522804379463196,0.03522804379463196,,human
EPHX1,,,,0.034920983016490936,,,,0.034920983016490936,0.034920983016490936,,human
RPS15,,,,0.032269369810819626,0.021212073042988777,,,0.0267407214269042,0.0267407214269042,,human
PPP1R3C,,,,0.03207584097981453,,,,0.03207584097981453,0.03207584097981453,,human
GABRB1,,,,0.03181230276823044,,,,0.03181230276823044,0.03181230276823044,,human
LOC728392,,,,0.03059498593211174,,,,0.03059498593211174,0.03059498593211174,,human
DDR1,,,,0.030497627332806587,,,,0.030497627332806587,0.030497627332806587,,human
PSD3,,,,0.03028837777674198,,,,0.03028837777674198,0.03028837777674198,,human
COBL,,,,0.030050165951251984,-0.015627451241016388,,,0.007211357355117798,0.007211357355117798,,human
PPAP2B,,,,0.029936006292700768,,,,0.029936006292700768,0.029936006292700768,,human
PRKACB,,,,0.029525773599743843,,,,0.029525773599743843,0.029525773599743843,,human
NTRK2,,,,0.0286989938467741,,,,0.0286989938467741,0.0286989938467741,,human
S100B,,,,0.028536241501569748,,,,0.028536241501569748,0.028536241501569748,,human
GPM6B,,,,0.02848079428076744,,,,0.02848079428076744,0.02848079428076744,,human
GOLGA7,,,,0.028404641896486282,,,,0.028404641896486282,0.028404641896486282,,human
CLDND1,,,,0.02815457247197628,,,,0.02815457247197628,0.02815457247197628,,human
SYT1,,,,0.027816416695713997,,,,0.027816416695713997,0.027816416695713997,,human
PON2,,,,0.027015969157218933,,,,0.027015969157218933,0.027015969157218933,,human
VWF,,,,0.02674841694533825,,,,0.02674841694533825,0.02674841694533825,,human
PAPSS1,,,,0.026671577244997025,0.018508806824684143,,,0.022590192034840584,0.022590192034840584,,human
CLDN10,,,,0.025775250047445297,,,,0.025775250047445297,0.025775250047445297,,human
CPE,,,,0.025445865467190742,,,,0.025445865467190742,0.025445865467190742,,human
MXI1,,,,0.024798596277832985,,,,0.024798596277832985,0.024798596277832985,,human
CAPNS1,,,,0.024778662249445915,,,,0.024778662249445915,0.024778662249445915,,human
ENPP2,,,,0.024551816284656525,,,,0.024551816284656525,0.024551816284656525,,human
NDRG1,,,,0.024191556498408318,,,,0.024191556498408318,0.024191556498408318,,human
SEPT2,,,,0.024173930287361145,,,,0.024173930287361145,0.024173930287361145,,human
EIF3CL,,,,0.024057183414697647,,,,0.024057183414697647,0.024057183414697647,,human
GABBR1,,,,0.02403118833899498,,,,0.02403118833899498,0.02403118833899498,,human
UBA1,,,,0.023540673777461052,,,,0.023540673777461052,0.023540673777461052,,human
TCEA1,,,,0.023388881236314774,,,,0.023388881236314774,0.023388881236314774,,human
TUBB4A,,,,0.023388730362057686,0.013598667457699776,,,0.01849369890987873,0.01849369890987873,,human
DAAM2,,,,0.02323020063340664,,,,0.02323020063340664,0.02323020063340664,,human
SDC4,,,,0.023227304220199585,,,,0.023227304220199585,0.023227304220199585,,human
ID1,,,,0.022920040413737297,-0.01610092632472515,,,0.003409557044506073,0.003409557044506073,,human
SEPP1,,,,0.022816656157374382,,,,0.022816656157374382,0.022816656157374382,,human
SLCO4A1,,,,0.022805728018283844,,,,0.022805728018283844,0.022805728018283844,,human
CD9,,,,0.022728895768523216,,,,0.022728895768523216,0.022728895768523216,,human
ALDH2,,,,0.02233727090060711,,,,0.02233727090060711,0.02233727090060711,,human
PKM,,,,0.022249208763241768,0.021299581974744797,,,0.021774395368993282,0.021774395368993282,,human
SCRN1,,,,0.022160660475492477,,,,0.022160660475492477,0.022160660475492477,,human
SLC30A1,,,,0.021801020950078964,,,,0.021801020950078964,0.021801020950078964,,human
CLDN5,,,,0.021680092439055443,,,,0.021680092439055443,0.021680092439055443,,human
LAPTM4A,,,,0.021408097818493843,,,,0.021408097818493843,0.021408097818493843,,human
LGALS3,,,,0.021043172106146812,,,,0.021043172106146812,0.021043172106146812,,human
MT1M,,,,0.020953871309757233,,-0.02411026880145073,,-0.0015781987458467484,-0.0015781987458467484,,human
CCDC92,,,,0.020891796797513962,,,,0.020891796797513962,0.020891796797513962,,human
NRGN,,,,0.020853905007243156,,,,0.020853905007243156,0.020853905007243156,,human
DDX24,,,,0.020664367824792862,,,,0.020664367824792862,0.020664367824792862,,human
AGAP1,,,,0.020620834082365036,,,,0.020620834082365036,0.020620834082365036,,human
CYFIP1,,,,0.020400572568178177,,,,0.020400572568178177,0.020400572568178177,,human
PLA2G16,,,,0.02037142403423786,,-0.021471340209245682,,-0.0005499580875039101,-0.0005499580875039101,,human
SYS1-DBNDD2,,,,0.02008562721312046,,,,0.02008562721312046,0.02008562721312046,,human
ANGPTL4,,,,0.019884668290615082,,-0.031540725380182266,,-0.005828028544783592,-0.005828028544783592,,human
MID1IP1,,,,0.019769135862588882,,,,0.019769135862588882,0.019769135862588882,,human
LDOC1,,,,0.019606908783316612,,,,0.019606908783316612,0.019606908783316612,,human
LMBRD1,,,,0.019574517384171486,,,,0.019574517384171486,0.019574517384171486,,human
LRP4,,,,0.01950877346098423,,,,0.01950877346098423,0.01950877346098423,,human
CNBP,,,,0.019252700731158257,,,,0.019252700731158257,0.019252700731158257,,human
FXYD6,,,,0.01919933408498764,,,,0.01919933408498764,0.01919933408498764,,human
GPRC5B,,,,0.019198385998606682,,,,0.019198385998606682,0.019198385998606682,,human
CX3CR1,,,,0.019112003967165947,,,,0.019112003967165947,0.019112003967165947,,human
HSPB8,,,,0.019101759418845177,,,,0.019101759418845177,0.019101759418845177,,human
ZCCHC24,,,,0.019033530727028847,,,,0.019033530727028847,0.019033530727028847,,human
HADHB,,,,0.01888900063931942,,,,0.01888900063931942,0.01888900063931942,,human
ATP1A3,,,,0.01843353919684887,,,,0.01843353919684887,0.01843353919684887,,human
CD14,,,,0.01843317784368992,,,,0.01843317784368992,0.01843317784368992,,human
C1QB,,,,0.018428664654493332,,,,0.018428664654493332,0.018428664654493332,,human
FYN,,,,0.018320616334676743,,,,0.018320616334676743,0.018320616334676743,,human
PCDH9,,,,0.01819731667637825,,,,0.01819731667637825,0.01819731667637825,,human
CD59,,,,0.018157366663217545,,-0.014819947071373463,,0.001668709795922041,0.001668709795922041,,human
WASF3,,,,0.018128957599401474,,,,0.018128957599401474,0.018128957599401474,,human
WFS1,,,,0.01794719137251377,,,,0.01794719137251377,0.01794719137251377,,human
PODXL,,,,0.01766393519937992,,,,0.01766393519937992,0.01766393519937992,,human
GPM6A,,,,0.017639802768826485,,,,0.017639802768826485,0.017639802768826485,,human
OMG,,,,0.017634620890021324,,,,0.017634620890021324,0.017634620890021324,,human
C4B,,,,0.017585990950465202,,,,0.017585990950465202,0.017585990950465202,,human
APLP1,,,,0.017509689554572105,,,,0.017509689554572105,0.017509689554572105,,human
BSG,,,,0.017485864460468292,,,,0.017485864460468292,0.017485864460468292,,human
PTPRZ1,,,,0.017303530126810074,-0.01612403802573681,,,0.0005897460505366325,0.0005897460505366325,,human
C2CD2,,,,0.017246130853891373,,,,0.017246130853891373,0.017246130853891373,,human
MATR3,,,,0.017219433560967445,,,,0.017219433560967445,0.017219433560967445,,human
NDRG2,,,,0.017133668065071106,,,,0.017133668065071106,0.017133668065071106,,human
RPL22,,,,0.01703418791294098,-0.034865524619817734,,,-0.008915668353438377,-0.008915668353438377,,human
MAPT,,,,0.01692097820341587,,,,0.01692097820341587,0.01692097820341587,,human
SIK1,,,,0.016670100390911102,,,,0.016670100390911102,0.016670100390911102,,human
CSGALNACT1,,,,0.016654396429657936,,,,0.016654396429657936,0.016654396429657936,,human
ZMIZ1,,,,0.01664217934012413,,,,0.01664217934012413,0.01664217934012413,,human
NEK7,,,,0.016611387953162193,,,,0.016611387953162193,0.016611387953162193,,human
SALL2,,,,0.016525371000170708,-0.04629502445459366,,,-0.014884826727211475,-0.014884826727211475,,human
ABHD17A,,,,0.016506727784872055,,,,0.016506727784872055,0.016506727784872055,,human
TMEM50B,,,,0.016210338100790977,,,,0.016210338100790977,0.016210338100790977,,human
LIPA,,,,0.015931885689496994,,,,0.015931885689496994,0.015931885689496994,,human
TPD52L1,,,,0.015773000195622444,,,,0.015773000195622444,0.015773000195622444,,human
GOLGA8B,,,,0.015744756907224655,,,,0.015744756907224655,0.015744756907224655,,human
CBR1,,,,0.01570342481136322,,,,0.01570342481136322,0.01570342481136322,,human
SASH1,,,,0.015574679709970951,,,,0.015574679709970951,0.015574679709970951,,human
PRKAR2B,,,,0.015550380572676659,,,,0.015550380572676659,0.015550380572676659,,human
CERS1,,,,0.015516665764153004,,,,0.015516665764153004,0.015516665764153004,,human
HLA-DPB1,,,,0.015498243272304535,,,,0.015498243272304535,0.015498243272304535,,human
ARF1,,,,0.015490389429032803,,,,0.015490389429032803,0.015490389429032803,,human
SOX9,,,,0.015489839017391205,,,,0.015489839017391205,0.015489839017391205,,human
NR2E1,,,,0.015356703661382198,,,,0.015356703661382198,0.015356703661382198,,human
C1QA,,,,0.015211129561066628,,,,0.015211129561066628,0.015211129561066628,,human
SCRG1,,,,0.0152059281244874,,0.048108167946338654,,0.03165704803541303,0.03165704803541303,,human
BIN1,,,,0.015173960477113724,,,,0.015173960477113724,0.015173960477113724,,human
PSAT1,,,,0.015157734043896198,,0.011455629020929337,,0.013306681532412767,0.013306681532412767,,human
BHLHE41,,,,0.015147188678383827,,,,0.015147188678383827,0.015147188678383827,,human
GPNMB,,,,0.01513705961406231,,,,0.01513705961406231,0.01513705961406231,,human
TSPAN3,,,,0.015021839179098606,,,,0.015021839179098606,0.015021839179098606,,human
LPAR1,,,,0.014831732958555222,,,,0.014831732958555222,0.014831732958555222,,human
RPLP0P6,,,,0.014800124801695347,,,,0.014800124801695347,0.014800124801695347,,human
SERINC1,,,,0.014738560654222965,,,,0.014738560654222965,0.014738560654222965,,human
TMEM176A,,,,0.014574656262993813,,,,0.014574656262993813,0.014574656262993813,,human
PREPL,,,,0.014507326297461987,,,,0.014507326297461987,0.014507326297461987,,human
CXADR,,,,0.014481917023658752,0.05312067270278931,,,0.03380129486322403,0.03380129486322403,,human
LMO3,,,,0.014348396100103855,,,,0.014348396100103855,0.014348396100103855,,human
TMED10,,,,0.014272154308855534,,,,0.014272154308855534,0.014272154308855534,,human
ARHGAP5,,,,0.013805748894810677,,,,0.013805748894810677,0.013805748894810677,,human
IMPA1,,,,0.013761023059487343,,,,0.013761023059487343,0.013761023059487343,,human
BDH2,,,,0.013627860695123672,,,,0.013627860695123672,0.013627860695123672,,human
SDCBP,,,,0.013604369945824146,,,,0.013604369945824146,0.013604369945824146,,human
LOC100093631,,,,0.013568161986768246,,,,0.013568161986768246,0.013568161986768246,,human
GLUD1,,,,0.013544609770178795,0.0179419107735157,,,0.015743260271847248,0.015743260271847248,,human
PPP2R1A,,,,0.01351984404027462,0.025277389213442802,,,0.01939861662685871,0.01939861662685871,,human
GATM,,,,0.013517298735678196,,,,0.013517298735678196,0.013517298735678196,,human
WBP2,,,,0.013495147228240967,-0.02695494331419468,,,-0.006729898042976856,-0.006729898042976856,,human
DENND5A,,,,0.013367651030421257,,,,0.013367651030421257,0.013367651030421257,,human
FCGBP,,,,0.013366968370974064,,,,0.013366968370974064,0.013366968370974064,,human
RGS5,,,,0.013336525298655033,,,,0.013336525298655033,0.013336525298655033,,human
TMEM47,,,,0.013328054919838905,,,,0.013328054919838905,0.013328054919838905,,human
SYBU,,,,0.013210310600697994,,,,0.013210310600697994,0.013210310600697994,,human
AHCYL1,,,,0.01317357923835516,,,,0.01317357923835516,0.01317357923835516,,human
PIK3C2A,,,,0.013169822283089161,,,,0.013169822283089161,0.013169822283089161,,human
RPS16,,,,0.013146262615919113,0.05478053539991379,,,0.03396339900791645,0.03396339900791645,,human
VAMP3,,,,0.01314367726445198,,,,0.01314367726445198,0.01314367726445198,,human
MMD,,,,0.013121976517140865,,,,0.013121976517140865,0.013121976517140865,,human
MAGED4,,,,0.013096225447952747,,,,0.013096225447952747,0.013096225447952747,,human
ITM2A,,,,0.013089821673929691,,,,0.013089821673929691,0.013089821673929691,,human
JAM2,,,,0.013070947490632534,,,,0.013070947490632534,0.013070947490632534,,human
FXYD1,,,,0.013051474466919899,,,,0.013051474466919899,0.013051474466919899,,human
LRIG1,,,,0.013040754944086075,,,,0.013040754944086075,0.013040754944086075,,human
PRKAR1A,,,,0.013031858950853348,,,,0.013031858950853348,0.013031858950853348,,human
STAT3,,,,0.013028016313910484,,,,0.013028016313910484,0.013028016313910484,,human
NACC2,,,,0.013007938861846924,,,,0.013007938861846924,0.013007938861846924,,human
WAC,,,,0.012961292639374733,,,,0.012961292639374733,0.012961292639374733,,human
TUBB2B,,,,0.01291571743786335,0.053210921585559845,,,0.0330633195117116,0.0330633195117116,,human
SDC3,,,,0.012892081402242184,,,,0.012892081402242184,0.012892081402242184,,human
DEAF1,,,,0.012835956178605556,,,,0.012835956178605556,0.012835956178605556,,human
MGP,,,,0.01279155071824789,,,,0.01279155071824789,0.01279155071824789,,human
LOC100507620,,,,0.012775757350027561,,,,0.012775757350027561,0.012775757350027561,,human
CALB2,,,,0.012763399630784988,,,,0.012763399630784988,0.012763399630784988,,human
TAGLN,,,,0.01270828116685152,,-0.050192639231681824,,-0.01874217903241515,-0.01874217903241515,,human
BANF1,,,,0.012695143930613995,,,,0.012695143930613995,0.012695143930613995,,human
SPATA20,,,,0.012651493772864342,,,,0.012651493772864342,0.012651493772864342,,human
RPN2,,,,0.012618249282240868,,,,0.012618249282240868,0.012618249282240868,,human
TIAM1,,,,0.012579793110489845,,,,0.012579793110489845,0.012579793110489845,,human
ICAM2,,,,0.012559032067656517,,,,0.012559032067656517,0.012559032067656517,,human
SERPINB6,,,,0.012514572590589523,,,,0.012514572590589523,0.012514572590589523,,human
GHITM,,,,0.012470285408198833,-0.014455131255090237,,,-0.0009924229234457016,-0.0009924229234457016,,human
MACF1,,,,0.012378041632473469,,,,0.012378041632473469,0.012378041632473469,,human
CNOT7,,,,0.01237568724900484,,,,0.01237568724900484,0.01237568724900484,,human
TRIL,,,,0.012341237626969814,,,,0.012341237626969814,0.012341237626969814,,human
GABARAP,,,,0.012279346585273743,,,,0.012279346585273743,0.012279346585273743,,human
OAT,,,,0.01225945446640253,,,,0.01225945446640253,0.01225945446640253,,human
NGFRAP1,,,,-0.09979978948831558,,,,-0.09979978948831558,-0.09979978948831558,,human
CHN1,,,,-0.0854811817407608,,,,-0.0854811817407608,-0.0854811817407608,,human
GABARAPL3,,,,-0.07466214150190353,,,,-0.07466214150190353,-0.07466214150190353,,human
CCK,,,,-0.0643167719244957,,,,-0.0643167719244957,-0.0643167719244957,,human
RPH3A,,,,-0.06286915391683578,,,,-0.06286915391683578,-0.06286915391683578,,human
CXCL10,,,,-0.06216347962617874,,,,-0.06216347962617874,-0.06216347962617874,,human
TAGLN3,,,,-0.060108911246061325,,,,-0.060108911246061325,-0.060108911246061325,,human
NUAK1,,,,-0.05919550359249115,,,,-0.05919550359249115,-0.05919550359249115,,human
NRN1,,,,-0.05443783104419708,,,,-0.05443783104419708,-0.05443783104419708,,human
PFN2,,,,-0.05369550734758377,,,,-0.05369550734758377,-0.05369550734758377,,human
ATP5A1,,,,-0.05219360813498497,-0.022418983280658722,,,-0.037306295707821846,-0.037306295707821846,,human
NPTX2,,,,-0.051970891654491425,,,,-0.051970891654491425,-0.051970891654491425,,human
NCALD,,,,-0.05182035267353058,,,,-0.05182035267353058,-0.05182035267353058,,human
NGRN,,,,-0.05024726688861847,,,,-0.05024726688861847,-0.05024726688861847,,human
CHGA,,,,-0.047455672174692154,,,,-0.047455672174692154,-0.047455672174692154,,human
RBFOX1,,,,-0.04181256517767906,,,,-0.04181256517767906,-0.04181256517767906,,human
RTN1,,,,-0.04179086163640022,,,,-0.04179086163640022,-0.04179086163640022,,human
RTN4,,,,-0.04167976975440979,,,,-0.04167976975440979,-0.04167976975440979,,human
ZNF365,,,,-0.03910578414797783,,,,-0.03910578414797783,-0.03910578414797783,,human
ATP6V0E2,,,,-0.03695854917168617,,,,-0.03695854917168617,-0.03695854917168617,,human
UCHL1,,,,-0.03680494427680969,-0.04170927777886391,0.019260581582784653,,-0.019751213490962982,-0.03680494427680969,,human
NSF,,,,-0.03665857017040253,,,,-0.03665857017040253,-0.03665857017040253,,human
SV2B,,,,-0.0363871231675148,,,,-0.0363871231675148,-0.0363871231675148,,human
SULT4A1,,,,-0.03586076572537422,,,,-0.03586076572537422,-0.03586076572537422,,human
ENO2,,,,-0.03582065552473068,,,,-0.03582065552473068,-0.03582065552473068,,human
MOAP1,,,,-0.03513394668698311,,,,-0.03513394668698311,-0.03513394668698311,,human
ELAVL4,,,,-0.03485399857163429,,,,-0.03485399857163429,-0.03485399857163429,,human
NDUFAB1,,,,-0.03385470062494278,0.03018057905137539,,,-0.0018370607867836952,-0.0018370607867836952,,human
STXBP1,,,,-0.03373001515865326,,,,-0.03373001515865326,-0.03373001515865326,,human
HOMER1,,,,-0.03290339559316635,,,,-0.03290339559316635,-0.03290339559316635,,human
COX5B,,,,-0.03196385130286217,,,,-0.03196385130286217,-0.03196385130286217,,human
MTCH1,,,,-0.031305063515901566,0.01866963319480419,,,-0.006317715160548687,-0.006317715160548687,,human
TUBA4A,,,,-0.03072228655219078,,,,-0.03072228655219078,-0.03072228655219078,,human
INA,,,,-0.030675744637846947,,,,-0.030675744637846947,-0.030675744637846947,,human
OPHN1,,,,-0.030397186055779457,,,,-0.030397186055779457,-0.030397186055779457,,human
CKB,,,,-0.029393985867500305,,,,-0.029393985867500305,-0.029393985867500305,,human
RTN3,,,,-0.02909407764673233,,,,-0.02909407764673233,-0.02909407764673233,,human
GNG3,,,,-0.029003972187638283,,,,-0.029003972187638283,-0.029003972187638283,,human
SST,,,,-0.028678912669420242,,,,-0.028678912669420242,-0.028678912669420242,,human
CYCS,,,,-0.027839932590723038,,,,-0.027839932590723038,-0.027839932590723038,,human
PRKCZ,,,,-0.02775939367711544,,,,-0.02775939367711544,-0.02775939367711544,,human
COX5A,,,,-0.02768637426197529,-0.02856176719069481,,,-0.02812407072633505,-0.02812407072633505,,human
NMNAT2,,,,-0.027314547449350357,,,,-0.027314547449350357,-0.027314547449350357,,human
ZNF721,,,,-0.027314065024256706,,,,-0.027314065024256706,-0.027314065024256706,,human
PITPNB,,,,-0.02722841128706932,,,,-0.02722841128706932,-0.02722841128706932,,human
SOBP,,,,-0.02598578669130802,,,,-0.02598578669130802,-0.02598578669130802,,human
ATP1A1,,,,-0.025965675711631775,,,,-0.025965675711631775,-0.025965675711631775,,human
NEFM,,,,-0.02558932639658451,,,,-0.02558932639658451,-0.02558932639658451,,human
ASNS,,,,-0.025429919362068176,0.028529927134513855,0.017503434792160988,,0.006867814188202222,0.017503434792160988,,human
UQCR11,,,,-0.02514689229428768,,,,-0.02514689229428768,-0.02514689229428768,,human
INPP5F,,,,-0.025142081081867218,,,,-0.025142081081867218,-0.025142081081867218,,human
GRIA2,,,,-0.024830125272274017,,,,-0.024830125272274017,-0.024830125272274017,,human
RCAN2,,,,-0.024550266563892365,,,,-0.024550266563892365,-0.024550266563892365,,human
RAB15,,,,-0.024482576176524162,,,,-0.024482576176524162,-0.024482576176524162,,human
NDUFB1,,,,-0.024388976395130157,,,,-0.024388976395130157,-0.024388976395130157,,human
PI4KAP1,,,,-0.024357253685593605,,,,-0.024357253685593605,-0.024357253685593605,,human
RGS4,,,,-0.02408818155527115,,-0.017079241573810577,,-0.020583711564540863,-0.020583711564540863,,human
PCP4,,,,-0.024085644632577896,,,,-0.024085644632577896,-0.024085644632577896,,human
IPCEF1,,,,-0.02400987409055233,,,,-0.02400987409055233,-0.02400987409055233,,human
CABP1,,,,-0.022835975512862206,,,,-0.022835975512862206,-0.022835975512862206,,human
NEFL,,,,-0.02236499823629856,,-0.011507753282785416,,-0.01693637575954199,-0.01693637575954199,,human
B3GNT1,,,,-0.022304592654109,,,,-0.022304592654109,-0.022304592654109,,human
ATP6V0B,,,,-0.022301454097032547,,,,-0.022301454097032547,-0.022301454097032547,,human
UQCR10,,,,-0.022043377161026,,,,-0.022043377161026,-0.022043377161026,,human
DNM3,,,,-0.02170530892908573,,0.013541270978748798,,-0.004082018975168467,-0.004082018975168467,,human
PARK7,,,,-0.021588020026683807,,,,-0.021588020026683807,-0.021588020026683807,,human
PIN1,,,,-0.021535202860832214,,,,-0.021535202860832214,-0.021535202860832214,,human
DIP2A,,,,-0.02065354958176613,,,,-0.02065354958176613,-0.02065354958176613,,human
WARS,,,,-0.019783087074756622,,,,-0.019783087074756622,-0.019783087074756622,,human
SLC30A3,,,,-0.01975434087216854,,,,-0.01975434087216854,-0.01975434087216854,,human
HAUS2,,,,-0.019639568403363228,,,,-0.019639568403363228,-0.019639568403363228,,human
MT3,,,,-0.019612625241279602,,,,-0.019612625241279602,-0.019612625241279602,,human
GARS,,,,-0.019173800945281982,0.02902023307979107,,,0.004923216067254543,0.004923216067254543,,human
LINC00599,,,,-0.019120151177048683,,,,-0.019120151177048683,-0.019120151177048683,,human
ATP6V1E1,,,,-0.018977854400873184,,,,-0.018977854400873184,-0.018977854400873184,,human
DHCR24,,,,-0.018930355086922646,,,,-0.018930355086922646,-0.018930355086922646,,human
HOPX,,,,-0.01863834634423256,,,,-0.01863834634423256,-0.01863834634423256,,human
FBXW7,,,,-0.018497880548238754,,,,-0.018497880548238754,-0.018497880548238754,,human
KIFAP3,,,,-0.01816503144800663,,,,-0.01816503144800663,-0.01816503144800663,,human
KCNS1,,,,-0.01798398233950138,,,,-0.01798398233950138,-0.01798398233950138,,human
ZNF160,,,,-0.017794255167245865,,,,-0.017794255167245865,-0.017794255167245865,,human
PCSK1,,,,-0.017410725355148315,,,,-0.017410725355148315,-0.017410725355148315,,human
TCEAL2,,,,-0.017377031967043877,,,,-0.017377031967043877,-0.017377031967043877,,human
NDUFB11,,,,-0.01732626184821129,,,,-0.01732626184821129,-0.01732626184821129,,human
FBXW12,,,,-0.01709447242319584,,,,-0.01709447242319584,-0.01709447242319584,,human
NEFH,,,,-0.017079785466194153,,,,-0.017079785466194153,-0.017079785466194153,,human
CCL8,,,,-0.017040478065609932,,,,-0.017040478065609932,-0.017040478065609932,,human
DNAJC7,,,,-0.01699000597000122,,,,-0.01699000597000122,-0.01699000597000122,,human
CCT4,,,,-0.01683693192899227,,,,-0.01683693192899227,-0.01683693192899227,,human
OLA1,,,,-0.016770904883742332,,,,-0.016770904883742332,-0.016770904883742332,,human
SYNGR3,,,,-0.01669943705201149,,,,-0.01669943705201149,-0.01669943705201149,,human
B3GAT1,,,,-0.016692664474248886,,,,-0.016692664474248886,-0.016692664474248886,,human
R3HDM2,,,,-0.016555309295654297,,,,-0.016555309295654297,-0.016555309295654297,,human
SCG2,,,,-0.016248106956481934,,,,-0.016248106956481934,-0.016248106956481934,,human
PSMD2,,,,-0.016192222014069557,,,,-0.016192222014069557,-0.016192222014069557,,human
ATP5G3,,,,-0.0160971749573946,,,,-0.0160971749573946,-0.0160971749573946,,human
GOT1,,,,-0.016070755198597908,,,,-0.016070755198597908,-0.016070755198597908,,human
CKMT1A,,,,-0.016070228070020676,,,,-0.016070228070020676,-0.016070228070020676,,human
MGLL,,,,-0.016052477061748505,,,,-0.016052477061748505,-0.016052477061748505,,human
PLCXD1,,,,-0.015928633511066437,,,,-0.015928633511066437,-0.015928633511066437,,human
YARS,,,,-0.01570081152021885,,,,-0.01570081152021885,-0.01570081152021885,,human
ANXA6,,,,-0.015683118253946304,,,,-0.015683118253946304,-0.015683118253946304,,human
SEZ6L2,,,,-0.01566496305167675,,,,-0.01566496305167675,-0.01566496305167675,,human
TIMM8B,,,,-0.015518100000917912,,,,-0.015518100000917912,-0.015518100000917912,,human
KIAA1107,,,,-0.015186057426035404,,,,-0.015186057426035404,-0.015186057426035404,,human
CHI3L1,,,,-0.0150781674310565,,,,-0.0150781674310565,-0.0150781674310565,,human
PSMB5,,,,-0.01476668007671833,,,,-0.01476668007671833,-0.01476668007671833,,human
DCLK1,,,,-0.014764651656150818,,,,-0.014764651656150818,-0.014764651656150818,,human
NEUROD6,,,,-0.014611911028623581,,,,-0.014611911028623581,-0.014611911028623581,,human
APBA2,,,,-0.014562856405973434,,,,-0.014562856405973434,-0.014562856405973434,,human
ATP1B1,,,,-0.014523843303322792,,,,-0.014523843303322792,-0.014523843303322792,,human
KIAA0513,,,,-0.014410304836928844,,,,-0.014410304836928844,-0.014410304836928844,,human
PINK1,,,,-0.014403099194169044,,,,-0.014403099194169044,-0.014403099194169044,,human
EXTL2,,,,-0.014330861158668995,,,,-0.014330861158668995,-0.014330861158668995,,human
CEND1,,,,-0.014218125492334366,,,,-0.014218125492334366,-0.014218125492334366,,human
CXCL9,,,,-0.014093580655753613,,,,-0.014093580655753613,-0.014093580655753613,,human
CLSTN1,,,,-0.014059768989682198,,,,-0.014059768989682198,-0.014059768989682198,,human
TMEM151B,,,,-0.013904428109526634,,,,-0.013904428109526634,-0.013904428109526634,,human
TAP1,,,,-0.013853239826858044,,,,-0.013853239826858044,-0.013853239826858044,,human
PAQR6,,,,-0.013742547482252121,,,,-0.013742547482252121,-0.013742547482252121,,human
OLFM1,,,,-0.013730794191360474,,,,-0.013730794191360474,-0.013730794191360474,,human
MZT2B,,,,-0.013636413030326366,,,,-0.013636413030326366,-0.013636413030326366,,human
PVALB,,,,-0.013595725409686565,,,,-0.013595725409686565,-0.013595725409686565,,human
CHGB,,,,-0.013533002696931362,,,,-0.013533002696931362,-0.013533002696931362,,human
UGP2,,,,-0.013418045826256275,,,,-0.013418045826256275,-0.013418045826256275,,human
GFOD1,,,,-0.013408039696514606,,,,-0.013408039696514606,-0.013408039696514606,,human
PFKP,,,,-0.013311155140399933,,,,-0.013311155140399933,-0.013311155140399933,,human
CDIPT,,,,-0.013297811150550842,,,,-0.013297811150550842,-0.013297811150550842,,human
CAMTA1,,,,-0.01329291332513094,,,,-0.01329291332513094,-0.01329291332513094,,human
EIF1B,,,,-0.01318278070539236,,,,-0.01318278070539236,-0.01318278070539236,,human
NNAT,,,,-0.012846216559410095,,-0.025801990181207657,,-0.019324103370308876,-0.019324103370308876,,human
DNAJB1,,,,-0.012696630321443081,,,,-0.012696630321443081,-0.012696630321443081,,human
HIVEP2,,,,-0.012694142758846283,,,,-0.012694142758846283,-0.012694142758846283,,human
PRPF19,,,,-0.01267183106392622,,,,-0.01267183106392622,-0.01267183106392622,,human
CDH18,,,,-0.012592493556439877,,,,-0.012592493556439877,-0.012592493556439877,,human
DDRGK1,,,,-0.012335984967648983,,,,-0.012335984967648983,-0.012335984967648983,,human
PPP1R11,,,,-0.012284578755497932,,,,-0.012284578755497932,-0.012284578755497932,,human
TAF15,,,,,-0.022026237100362778,,0.054554689675569534,0.01626422628760338,0.01626422628760338,,human
RPS14,,,,,0.03813571482896805,,0.04548030346632004,0.04180800914764404,0.04180800914764404,,human
TFRC,,,,,0.04025765880942345,,0.0445910282433033,0.04242434352636337,0.04242434352636337,,human
PSMG1,,,,,0.028088245540857315,,0.03816552087664604,0.03312688320875168,0.03312688320875168,,human
SNORD3D,,,,,-0.02801358327269554,,0.03419492766261101,0.003090672194957733,0.003090672194957733,,human
DDX21,,,,,-0.014031026512384415,,0.027845967561006546,0.006907470524311066,0.006907470524311066,,human
RBX1,,,,,-0.020698364824056625,,0.026090577244758606,0.0026961062103509903,0.0026961062103509903,,human
PRDX3,,,,,-0.018519530072808266,,0.02533675730228424,0.0034086136147379875,0.0034086136147379875,,human
RPRD1A,,,,,-0.014203128404915333,,0.021268177777528763,0.003532524686306715,0.003532524686306715,,human
DECR1,,,,,0.014616874046623707,,0.021166324615478516,0.01789159933105111,0.01789159933105111,,human
SRSF7,,,,,-0.018107715994119644,,0.019037669524550438,0.0004649767652153969,0.0004649767652153969,,human
CRYZ,,,,,-0.037718188017606735,,0.018204649910330772,-0.009756769053637981,-0.009756769053637981,,human
HSPH1,,,,,-0.0206297617405653,,0.017488783225417137,-0.0015704892575740814,-0.0015704892575740814,,human
BNIP3,,,,,0.013787385076284409,,0.01685941033065319,0.0153233977034688,0.0153233977034688,,human
CCT7,,,,,-0.02070745639503002,,0.016623564064502716,-0.002041946165263653,-0.002041946165263653,,human
SUPT16H,,,,,-0.021923011168837547,,0.016443783417344093,-0.002739613875746727,-0.002739613875746727,,human
LRPPRC,,,,,-0.017071718350052834,,0.016384253278374672,-0.0003437325358390808,-0.0003437325358390808,,human
NUCKS1,,,,,-0.02182268537580967,,-0.04712146893143654,-0.034472077153623104,-0.034472077153623104,,human
CCDC59,,,,,-0.023460568860173225,,-0.04573891684412956,-0.034599742852151394,-0.034599742852151394,,human
LOC613037,,,,,-0.024454109370708466,,-0.02621447481215,-0.025334292091429234,-0.025334292091429234,,human
RPL21P28,,,,,0.047477684915065765,,-0.024726809933781624,0.01137543749064207,0.01137543749064207,,human
RPL7,,,,,0.030873583629727364,,-0.021439064294099808,0.004717259667813778,0.004717259667813778,,human
TOP2A,,,,,-0.02692454680800438,,-0.020164212211966515,-0.023544379509985447,-0.023544379509985447,,human
RBP1,,,,,0.018160250037908554,0.028673982247710228,,0.02341711614280939,0.02341711614280939,,human
MT1G,,,,,0.041248347610235214,-0.028465960174798965,,0.006391193717718124,0.006391193717718124,,human
TUBB4B,,,,,-0.017669375985860825,-0.018766889348626137,,-0.01821813266724348,-0.01821813266724348,,human
CDC37,,,,,-0.01424387376755476,-0.012087528593838215,,-0.013165701180696487,-0.013165701180696487,,human
NOSIP,,,,,0.03170587494969368,-0.010817068628966808,,0.010444403160363436,0.010444403160363436,,human
CST1,,,,,0.1555652767419815,,,0.1555652767419815,0.1555652767419815,,human
FLJ43681,,,,,0.06322211772203445,,,0.06322211772203445,0.06322211772203445,,human
GAL,,,,,0.060845598578453064,,,0.060845598578453064,0.060845598578453064,,human
LIN28A,,,,,0.058167506009340286,,,0.058167506009340286,0.058167506009340286,,human
C8orf59,,,,,0.053702883422374725,,,0.053702883422374725,0.053702883422374725,,human
DDT,,,,,0.04889129102230072,,,0.04889129102230072,0.04889129102230072,,human
CALM3,,,,,0.04878063127398491,,,0.04878063127398491,0.04878063127398491,,human
RPL24,,,,,0.046219602227211,,,0.046219602227211,0.046219602227211,,human
PGM1,,,,,0.04491338133811951,,,0.04491338133811951,0.04491338133811951,,human
SHMT2,,,,,0.04443730413913727,,,0.04443730413913727,0.04443730413913727,,human
HAND1,,,,,0.044394753873348236,,,0.044394753873348236,0.044394753873348236,,human
LSM3,,,,,0.04158167168498039,,,0.04158167168498039,0.04158167168498039,,human
PGK1,,,,,0.04001223295927048,,,0.04001223295927048,0.04001223295927048,,human
TXNDC17,,,,,0.037952858954668045,,,0.037952858954668045,0.037952858954668045,,human
ACTA1,,,,,0.03768033906817436,,,0.03768033906817436,0.03768033906817436,,human
LSM2,,,,,0.036133021116256714,,,0.036133021116256714,0.036133021116256714,,human
EIF3F,,,,,0.03596406802535057,,,0.03596406802535057,0.03596406802535057,,human
LAPTM4B,,,,,0.03551314026117325,,,0.03551314026117325,0.03551314026117325,,human
TPI1,,,,,0.03544590249657631,,,0.03544590249657631,0.03544590249657631,,human
KRT8,,,,,0.033684927970170975,,,0.033684927970170975,0.033684927970170975,,human
RSL24D1,,,,,0.033014774322509766,,,0.033014774322509766,0.033014774322509766,,human
CHCHD10,,,,,0.032045166939496994,,,0.032045166939496994,0.032045166939496994,,human
IL18,,,,,0.02907053381204605,,,0.02907053381204605,0.02907053381204605,,human
RAB17,,,,,0.028711993247270584,,,0.028711993247270584,0.028711993247270584,,human
BZW2,,,,,0.028364114463329315,,,0.028364114463329315,0.028364114463329315,,human
RPL23,,,,,0.027969183400273323,,,0.027969183400273323,0.027969183400273323,,human
UBE2M,,,,,0.027937188744544983,,,0.027937188744544983,0.027937188744544983,,human
CARM1,,,,,0.026623791083693504,,,0.026623791083693504,0.026623791083693504,,human
KDELR1,,,,,0.02639499120414257,,,0.02639499120414257,0.02639499120414257,,human
SMARCC1,,,,,0.026261979714035988,,,0.026261979714035988,0.026261979714035988,,human
GLIPR1L1,,,,,0.025823915377259254,,,0.025823915377259254,0.025823915377259254,,human
GLTP,,,,,0.02559960074722767,,,0.02559960074722767,0.02559960074722767,,human
GDF3,,,,,0.025484533980488777,,,0.025484533980488777,0.025484533980488777,,human
IRX3,,,,,0.024914899840950966,,,0.024914899840950966,0.024914899840950966,,human
TEAD2,,,,,0.024778658524155617,,,0.024778658524155617,0.024778658524155617,,human
LOC729603,,,,,0.024227257817983627,,,0.024227257817983627,0.024227257817983627,,human
LYN,,,,,0.023567181080579758,,,0.023567181080579758,0.023567181080579758,,human
ERRFI1,,,,,0.02329885959625244,,,0.02329885959625244,0.02329885959625244,,human
UQCRBP1,,,,,0.023151759058237076,,,0.023151759058237076,0.023151759058237076,,human
FASN,,,,,0.02276347018778324,,,0.02276347018778324,0.02276347018778324,,human
PPT1,,,,,0.022564522922039032,,,0.022564522922039032,0.022564522922039032,,human
HERC5,,,,,0.022284172475337982,,,0.022284172475337982,0.022284172475337982,,human
GOLGA6L6,,,,,0.021389182657003403,,,0.021389182657003403,0.021389182657003403,,human
NODAL,,,,,0.021329456940293312,,,0.021329456940293312,0.021329456940293312,,human
EIF4A1,,,,,0.021299678832292557,,,0.021299678832292557,0.021299678832292557,,human
SHISA2,,,,,0.021177884191274643,,,0.021177884191274643,0.021177884191274643,,human
ATP5E,,,,,0.020350493490695953,,,0.020350493490695953,0.020350493490695953,,human
PRCP,,,,,0.019706441089510918,,,0.019706441089510918,0.019706441089510918,,human
SLC39A1,,,,,0.01949184760451317,,,0.01949184760451317,0.01949184760451317,,human
MRPL33,,,,,0.01940884441137314,,,0.01940884441137314,0.01940884441137314,,human
SLC39A14,,,,,0.018515149131417274,,,0.018515149131417274,0.018515149131417274,,human
NUP88,,,,,0.018355634063482285,,,0.018355634063482285,0.018355634063482285,,human
GID8,,,,,0.018252162262797356,,,0.018252162262797356,0.018252162262797356,,human
EOMES,,,,,0.018086450174450874,,,0.018086450174450874,0.018086450174450874,,human
NME4,,,,,0.018073223531246185,,,0.018073223531246185,0.018073223531246185,,human
FAU,,,,,0.018034709617495537,,,0.018034709617495537,0.018034709617495537,,human
PDHB,,,,,0.017867321148514748,,,0.017867321148514748,0.017867321148514748,,human
COMMD7,,,,,0.017283057793974876,,,0.017283057793974876,0.017283057793974876,,human
TOMM40,,,,,0.0171941127628088,,,0.0171941127628088,0.0171941127628088,,human
SRP19,,,,,0.017178770154714584,,,0.017178770154714584,0.017178770154714584,,human
MAT2A,,,,,0.016819322481751442,,,0.016819322481751442,0.016819322481751442,,human
CNTNAP2,,,,,0.01679353415966034,,,0.01679353415966034,0.01679353415966034,,human
PPP6C,,,,,0.01679280214011669,,,0.01679280214011669,0.01679280214011669,,human
RPRM,,,,,0.016651907935738564,,,0.016651907935738564,0.016651907935738564,,human
NDUFB7,,,,,0.01654013991355896,,,0.01654013991355896,0.01654013991355896,,human
NDUFB10,,,,,0.016481971368193626,,,0.016481971368193626,0.016481971368193626,,human
SPRED1,,,,,0.0162662360817194,,,0.0162662360817194,0.0162662360817194,,human
APEH,,,,,0.0161704383790493,,,0.0161704383790493,0.0161704383790493,,human
NDUFS4,,,,,0.0159970261156559,,,0.0159970261156559,0.0159970261156559,,human
PPP1R14B,,,,,0.01596643775701523,,,0.01596643775701523,0.01596643775701523,,human
NPM3,,,,,0.015773696824908257,,,0.015773696824908257,0.015773696824908257,,human
ATP5C1,,,,,0.01571883261203766,,,0.01571883261203766,0.01571883261203766,,human
VDAC1,,,,,0.01568036898970604,,,0.01568036898970604,0.01568036898970604,,human
LUZP1,,,,,0.015665555372834206,,,0.015665555372834206,0.015665555372834206,,human
COPS3,,,,,0.0155809186398983,,,0.0155809186398983,0.0155809186398983,,human
SLC1A5,,,,,0.015580386854708195,,,0.015580386854708195,0.015580386854708195,,human
FAM46B,,,,,0.01557445339858532,,,0.01557445339858532,0.01557445339858532,,human
STMN3,,,,,0.015527816489338875,,,0.015527816489338875,0.015527816489338875,,human
TRIB1,,,,,0.015475792810320854,,,0.015475792810320854,0.015475792810320854,,human
DCTPP1,,,,,0.015285350382328033,,,0.015285350382328033,0.015285350382328033,,human
CHSY1,,,,,0.015203285962343216,,,0.015203285962343216,0.015203285962343216,,human
LAMTOR2,,,,,0.015049674548208714,,,0.015049674548208714,0.015049674548208714,,human
KDM5B,,,,,0.014949418604373932,,,0.014949418604373932,0.014949418604373932,,human
ZMPSTE24,,,,,0.014599042013287544,,,0.014599042013287544,0.014599042013287544,,human
TPI1P2,,,,,0.014382160268723965,,,0.014382160268723965,0.014382160268723965,,human
SCGB3A2,,,,,0.014282915741205215,,,0.014282915741205215,0.014282915741205215,,human
NUDT15,,,,,0.014261072501540184,,,0.014261072501540184,0.014261072501540184,,human
GMFB,,,,,0.014171590097248554,,,0.014171590097248554,0.014171590097248554,,human
SOX15,,,,,0.014127306640148163,,,0.014127306640148163,0.014127306640148163,,human
CCDC23,,,,,0.013990326784551144,,,0.013990326784551144,0.013990326784551144,,human
HDAC3,,,,,0.013979102484881878,,,0.013979102484881878,0.013979102484881878,,human
TARS,,,,,0.013888503424823284,,,0.013888503424823284,0.013888503424823284,,human
PTMS,,,,,0.013866445980966091,,,0.013866445980966091,0.013866445980966091,,human
ARID3A,,,,,0.013807089067995548,,,0.013807089067995548,0.013807089067995548,,human
SNRPB2,,,,,0.013772450387477875,,,0.013772450387477875,0.013772450387477875,,human
RSPRY1,,,,,0.013725661672651768,,,0.013725661672651768,0.013725661672651768,,human
FLNB,,,,,0.013633404858410358,,,0.013633404858410358,0.013633404858410358,,human
SNAR-A1,,,,,-0.1585603654384613,,,-0.1585603654384613,-0.1585603654384613,,human
ZIC2,,,,,-0.1268499493598938,,,-0.1268499493598938,-0.1268499493598938,,human
EGR1,,,,,-0.12079990655183792,,,-0.12079990655183792,-0.12079990655183792,,human
MDH2,,,,,-0.04656379669904709,,,-0.04656379669904709,-0.04656379669904709,,human
ZNF674,,,,,-0.04622136428952217,,,-0.04622136428952217,-0.04622136428952217,,human
RNA28S5,,,,,-0.04452071711421013,,,-0.04452071711421013,-0.04452071711421013,,human
PARP1,,,,,-0.043217048048973083,,,-0.043217048048973083,-0.043217048048973083,,human
SOX2,,,,,-0.04026512801647186,,,-0.04026512801647186,-0.04026512801647186,,human
L1TD1,,,,,-0.03798602148890495,,,-0.03798602148890495,-0.03798602148890495,,human
VGF,,,,,-0.037683747708797455,,,-0.037683747708797455,-0.037683747708797455,,human
GTPBP4,,,,,-0.03743993118405342,,,-0.03743993118405342,-0.03743993118405342,,human
LAMA5,,,,,-0.03305813670158386,,,-0.03305813670158386,-0.03305813670158386,,human
AP1S2,,,,,-0.03240876644849777,,,-0.03240876644849777,-0.03240876644849777,,human
DPPA4,,,,,-0.032336894422769547,,,-0.032336894422769547,-0.032336894422769547,,human
LINC01420,,,,,-0.031414635479450226,,,-0.031414635479450226,-0.031414635479450226,,human
ORC6,,,,,-0.03137337788939476,,,-0.03137337788939476,-0.03137337788939476,,human
PTTG3P,,,,,-0.03035205416381359,,,-0.03035205416381359,-0.03035205416381359,,human
AUTS2,,,,,-0.030063927173614502,,,-0.030063927173614502,-0.030063927173614502,,human
PDCD7,,,,,-0.029479142278432846,,,-0.029479142278432846,-0.029479142278432846,,human
SRSF4,,,,,-0.029333647340536118,,,-0.029333647340536118,-0.029333647340536118,,human
SNHG17,,,,,-0.02838774397969246,,,-0.02838774397969246,-0.02838774397969246,,human
SRRM1,,,,,-0.027655409649014473,,,-0.027655409649014473,-0.027655409649014473,,human
NDUFS8,,,,,-0.026165181770920753,,,-0.026165181770920753,-0.026165181770920753,,human
SSU72,,,,,-0.026112522929906845,,,-0.026112522929906845,-0.026112522929906845,,human
CTNNA1,,,,,-0.025520138442516327,,,-0.025520138442516327,-0.025520138442516327,,human
RPP21,,,,,-0.025284461677074432,,,-0.025284461677074432,-0.025284461677074432,,human
ARMCX2,,,,,-0.024776088073849678,,,-0.024776088073849678,-0.024776088073849678,,human
NUCB1,,,,,-0.024605028331279755,,,-0.024605028331279755,-0.024605028331279755,,human
JARID2,,,,,-0.02435486949980259,,,-0.02435486949980259,-0.02435486949980259,,human
METTL5,,,,,-0.024136312305927277,,,-0.024136312305927277,-0.024136312305927277,,human
IGF2BP2,,,,,-0.023979386314749718,,,-0.023979386314749718,-0.023979386314749718,,human
RAB7A,,,,,-0.023735934868454933,,,-0.023735934868454933,-0.023735934868454933,,human
TMEM87A,,,,,-0.023527774959802628,,,-0.023527774959802628,-0.023527774959802628,,human
BST2,,,,,-0.023399343714118004,,,-0.023399343714118004,-0.023399343714118004,,human
SFRP2,,,,,-0.022919634357094765,,,-0.022919634357094765,-0.022919634357094765,,human
SRSF5,,,,,-0.02242172509431839,,,-0.02242172509431839,-0.02242172509431839,,human
PRMT1,,,,,-0.02207884006202221,,,-0.02207884006202221,-0.02207884006202221,,human
PTBP2,,,,,-0.022014902904629707,,,-0.022014902904629707,-0.022014902904629707,,human
HCFC1,,,,,-0.021509090438485146,,,-0.021509090438485146,-0.021509090438485146,,human
CGNL1,,,,,-0.021419044584035873,,,-0.021419044584035873,-0.021419044584035873,,human
AKR1B1,,,,,-0.021338243037462234,,,-0.021338243037462234,-0.021338243037462234,,human
SRRM2,,,,,-0.02121567912399769,,,-0.02121567912399769,-0.02121567912399769,,human
HSD17B7,,,,,-0.021074431017041206,,,-0.021074431017041206,-0.021074431017041206,,human
DKC1,,,,,-0.020823298022150993,,,-0.020823298022150993,-0.020823298022150993,,human
GTF2IP1,,,,,-0.0206372682005167,,,-0.0206372682005167,-0.0206372682005167,,human
NLRP2,,,,,-0.02059873566031456,,,-0.02059873566031456,-0.02059873566031456,,human
TXNDC12,,,,,-0.020530950278043747,,,-0.020530950278043747,-0.020530950278043747,,human
TOMM20,,,,,-0.0204758457839489,,,-0.0204758457839489,-0.0204758457839489,,human
DNAJC8,,,,,-0.020459860563278198,,,-0.020459860563278198,-0.020459860563278198,,human
SNRPA1,,,,,-0.020404351875185966,,,-0.020404351875185966,-0.020404351875185966,,human
KIF1A,,,,,-0.02035626955330372,,,-0.02035626955330372,-0.02035626955330372,,human
AASS,,,,,-0.020260121673345566,,,-0.020260121673345566,-0.020260121673345566,,human
ZNF680,,,,,-0.020201977342367172,,,-0.020201977342367172,-0.020201977342367172,,human
NUDC,,,,,-0.020173329859972,,,-0.020173329859972,-0.020173329859972,,human
E2F3,,,,,-0.019870318472385406,,,-0.019870318472385406,-0.019870318472385406,,human
AHSA1,,,,,-0.01980505883693695,,,-0.01980505883693695,-0.01980505883693695,,human
MSH3,,,,,-0.01979382522404194,,,-0.01979382522404194,-0.01979382522404194,,human
DLGAP5,,,,,-0.019591405987739563,,,-0.019591405987739563,-0.019591405987739563,,human
PRRC2C,,,,,-0.019568119198083878,,,-0.019568119198083878,-0.019568119198083878,,human
SNORD3A,,,,,-0.019515251740813255,,,-0.019515251740813255,-0.019515251740813255,,human
HDDC2,,,,,-0.019512653350830078,,,-0.019512653350830078,-0.019512653350830078,,human
ARL2,,,,,-0.01941866986453533,,,-0.01941866986453533,-0.01941866986453533,,human
TRIP6,,,,,-0.019417857751250267,,,-0.019417857751250267,-0.019417857751250267,,human
SLC25A4,,,,,-0.01940770447254181,,,-0.01940770447254181,-0.01940770447254181,,human
WDR6,,,,,-0.019094714894890785,,,-0.019094714894890785,-0.019094714894890785,,human
AURKB,,,,,-0.019066933542490005,,,-0.019066933542490005,-0.019066933542490005,,human
PRC1,,,,,-0.019056154415011406,,,-0.019056154415011406,-0.019056154415011406,,human
TNPO2,,,,,-0.019029410555958748,,,-0.019029410555958748,-0.019029410555958748,,human
TRA2B,,,,,-0.018903495743870735,,,-0.018903495743870735,-0.018903495743870735,,human
AURKA,,,,,-0.018891798332333565,,,-0.018891798332333565,-0.018891798332333565,,human
RPL18A,,,,,-0.018852878361940384,,,-0.018852878361940384,-0.018852878361940384,,human
LYAR,,,,,-0.018603339791297913,,,-0.018603339791297913,-0.018603339791297913,,human
NCL,,,,,-0.01848338544368744,,,-0.01848338544368744,-0.01848338544368744,,human
TMEM230,,,,,-0.018478726968169212,,,-0.018478726968169212,-0.018478726968169212,,human
ZFYVE21,,,,,-0.018411707133054733,,,-0.018411707133054733,-0.018411707133054733,,human
DDX55,,,,,-0.01818280667066574,,,-0.01818280667066574,-0.01818280667066574,,human
TMEM123,,,,,-0.018095185980200768,,,-0.018095185980200768,-0.018095185980200768,,human
MAPRE1,,,,,-0.018077615648508072,,,-0.018077615648508072,-0.018077615648508072,,human
KIFC1,,,,,-0.017780693247914314,,,-0.017780693247914314,-0.017780693247914314,,human
GOT2,,,,,-0.017600638791918755,,,-0.017600638791918755,-0.017600638791918755,,human
FAM50A,,,,,-0.017600109800696373,,,-0.017600109800696373,-0.017600109800696373,,human
SNRPB,,,,,-0.01753036491572857,,,-0.01753036491572857,-0.01753036491572857,,human
RHEB,,,,,-0.01740228943526745,,,-0.01740228943526745,-0.01740228943526745,,human
SUZ12,,,,,-0.0173043180257082,,,-0.0173043180257082,-0.0173043180257082,,human
FAM213A,,,,,-0.01726553589105606,,,-0.01726553589105606,-0.01726553589105606,,human
WDR48,,,,,-0.01717313937842846,,,-0.01717313937842846,-0.01717313937842846,,human
RMI2,,,,,-0.0170139167457819,,,-0.0170139167457819,-0.0170139167457819,,human
METAP1,,,,,-0.0169204194098711,,,-0.0169204194098711,-0.0169204194098711,,human
NUP37,,,,,-0.016920311376452446,,,-0.016920311376452446,-0.016920311376452446,,human
SRPK1,,,,,-0.01688573509454727,,,-0.01688573509454727,-0.01688573509454727,,human
XRCC5,,,,,-0.01673922874033451,,,-0.01673922874033451,-0.01673922874033451,,human
ACTR2,,,,,-0.016698623076081276,,,-0.016698623076081276,-0.016698623076081276,,human
PRKAR1B,,,,,-0.016694003716111183,,,-0.016694003716111183,-0.016694003716111183,,human
SCO1,,,,,-0.016624413430690765,,,-0.016624413430690765,-0.016624413430690765,,human
PDCD5,,,,,-0.016611622646450996,,,-0.016611622646450996,-0.016611622646450996,,human
XPC,,,,,-0.016529351472854614,,,-0.016529351472854614,-0.016529351472854614,,human
LAMTOR4,,,,,-0.016427358612418175,,,-0.016427358612418175,-0.016427358612418175,,human
RBM25,,,,,-0.016397900879383087,,,-0.016397900879383087,-0.016397900879383087,,human
APOA1,,,,,-0.016179310157895088,,,-0.016179310157895088,-0.016179310157895088,,human
FNBP4,,,,,-0.01580781675875187,,,-0.01580781675875187,-0.01580781675875187,,human
KAL1,,,,,-0.01566942222416401,,,-0.01566942222416401,-0.01566942222416401,,human
C11orf74,,,,,-0.015431247651576996,,,-0.015431247651576996,-0.015431247651576996,,human
RAB2B,,,,,-0.015382178127765656,,,-0.015382178127765656,-0.015382178127765656,,human
GNL2,,,,,-0.015285315923392773,,,-0.015285315923392773,-0.015285315923392773,,human
EXOSC7,,,,,-0.015138235874474049,,,-0.015138235874474049,-0.015138235874474049,,human
CCNA2,,,,,-0.015131823718547821,,,-0.015131823718547821,-0.015131823718547821,,human
WDR54,,,,,-0.015127272345125675,,,-0.015127272345125675,-0.015127272345125675,,human
ACO1,,,,,-0.014888573437929153,,,-0.014888573437929153,-0.014888573437929153,,human
WBSCR22,,,,,-0.014837161637842655,,,-0.014837161637842655,-0.014837161637842655,,human
NTPCR,,,,,-0.01482631079852581,,,-0.01482631079852581,-0.01482631079852581,,human
HNRNPL,,,,,-0.014824958518147469,,,-0.014824958518147469,-0.014824958518147469,,human
NSUN2,,,,,-0.014724109321832657,,,-0.014724109321832657,-0.014724109321832657,,human
EBPL,,,,,-0.01472375076264143,,,-0.01472375076264143,-0.01472375076264143,,human
NASP,,,,,-0.01472046971321106,,,-0.01472046971321106,-0.01472046971321106,,human
PTPLAD1,,,,,-0.014688865281641483,,,-0.014688865281641483,-0.014688865281641483,,human
MRPS9,,,,,-0.01455791387706995,,,-0.01455791387706995,-0.01455791387706995,,human
TROAP,,,,,-0.014394216239452362,,,-0.014394216239452362,-0.014394216239452362,,human
CCDC58,,,,,-0.01435684785246849,,,-0.01435684785246849,-0.01435684785246849,,human
WEE1,,,,,-0.014345725998282433,,,-0.014345725998282433,-0.014345725998282433,,human
ATP6V1D,,,,,-0.014299130998551846,,,-0.014299130998551846,-0.014299130998551846,,human
DNAJB6,,,,,-0.014195323921740055,,,-0.014195323921740055,-0.014195323921740055,,human
NSMCE4A,,,,,-0.014142043888568878,,,-0.014142043888568878,-0.014142043888568878,,human
C17orf49,,,,,-0.014102192595601082,,,-0.014102192595601082,-0.014102192595601082,,human
KIF22,,,,,-0.014057786203920841,,,-0.014057786203920841,-0.014057786203920841,,human
GPC4,,,,,-0.014052683487534523,,,-0.014052683487534523,-0.014052683487534523,,human
PBDC1,,,,,-0.013915466144680977,,,-0.013915466144680977,-0.013915466144680977,,human
SRRT,,,,,-0.013896285556256771,,,-0.013896285556256771,-0.013896285556256771,,human
ST13,,,,,-0.013804898597300053,,,-0.013804898597300053,-0.013804898597300053,,human
RBMX,,,,,-0.013724897988140583,,,-0.013724897988140583,-0.013724897988140583,,human
POLE3,,,,,-0.013669509440660477,,,-0.013669509440660477,-0.013669509440660477,,human
SEMA6A,,,,,-0.01364543754607439,,,-0.01364543754607439,-0.01364543754607439,,human
WDR59,,,,,-0.013644241727888584,,,-0.013644241727888584,-0.013644241727888584,,human
MYL5,,,,,,0.016104910522699356,0.030829600989818573,0.023467255756258965,0.023467255756258965,,human
BTG3,,,,,,0.021373996511101723,0.019901961088180542,0.020637978799641132,0.020637978799641132,,human
PRICKLE1,,,,,,0.013551322743296623,-0.04062656685709953,-0.013537622056901455,-0.013537622056901455,,human
F2RL2,,,,,,-0.012839638628065586,-0.033621493726968765,-0.023230566177517176,-0.023230566177517176,,human
PPP1R12A,,,,,,-0.013803687877953053,-0.028953010216355324,-0.021378349047154188,-0.021378349047154188,,human
PLCB4,,,,,,-0.05382979288697243,-0.02008378878235817,-0.0369567908346653,-0.0369567908346653,,human
PPFIBP1,,,,,,-0.023033250123262405,-0.017807144671678543,-0.020420197397470474,-0.020420197397470474,,human
TCEAL7,,,,,,0.16671285033226013,,0.16671285033226013,0.16671285033226013,,human
ANGPTL7,,,,,,0.10541433095932007,,0.10541433095932007,0.10541433095932007,,human
MMP7,,,,,,0.10419156402349472,,0.10419156402349472,0.10419156402349472,,human
HKDC1,,,,,,0.09016503393650055,,0.09016503393650055,0.09016503393650055,,human
KCNJ15,,,,,,0.08337720483541489,,0.08337720483541489,0.08337720483541489,,human
NEURL3,,,,,,0.07987792789936066,,0.07987792789936066,0.07987792789936066,,human
SLITRK4,,,,,,0.06729047745466232,,0.06729047745466232,0.06729047745466232,,human
DIRAS3,,,,,,0.05782352760434151,,0.05782352760434151,0.05782352760434151,,human
CXCL2,,,,,,0.05724711716175079,,0.05724711716175079,0.05724711716175079,,human
AK5,,,,,,0.056035883724689484,,0.056035883724689484,0.056035883724689484,,human
CXCL1,,,,,,0.05296098813414574,,0.05296098813414574,0.05296098813414574,,human
ELTD1,,,,,,0.04993759095668793,,0.04993759095668793,0.04993759095668793,,human
DNALI1,,,,,,0.049492813646793365,,0.049492813646793365,0.049492813646793365,,human
PLAU,,,,,,0.047240618616342545,,0.047240618616342545,0.047240618616342545,,human
GREM1,,,,,,0.04422689974308014,,0.04422689974308014,0.04422689974308014,,human
CEACAM19,,,,,,0.040648575872182846,,0.040648575872182846,0.040648575872182846,,human
COL3A1,,,,,,0.040550775825977325,,0.040550775825977325,0.040550775825977325,,human
BANK1,,,,,,0.0380035936832428,,0.0380035936832428,0.0380035936832428,,human
WNT7A,,,,,,0.03759154677391052,,0.03759154677391052,0.03759154677391052,,human
CLEC18B,,,,,,0.03602682799100876,,0.03602682799100876,0.03602682799100876,,human
NTM,,,,,,0.03559448942542076,,0.03559448942542076,0.03559448942542076,,human
VCAM1,,,,,,0.03554325923323631,,0.03554325923323631,0.03554325923323631,,human
C4orf26,,,,,,0.03498219698667526,,0.03498219698667526,0.03498219698667526,,human
CFHR3,,,,,,0.03368468955159187,,0.03368468955159187,0.03368468955159187,,human
IL18R1,,,,,,0.03316856175661087,,0.03316856175661087,0.03316856175661087,,human
SUN3,,,,,,0.03253442049026489,,0.03253442049026489,0.03253442049026489,,human
CFHR1,,,,,,0.03115030750632286,,0.03115030750632286,0.03115030750632286,,human
LRFN5,,,,,,0.031059695407748222,,0.031059695407748222,0.031059695407748222,,human
SIM2,,,,,,0.030816419050097466,,0.030816419050097466,0.030816419050097466,,human
CFH,,,,,,0.030334219336509705,,0.030334219336509705,0.030334219336509705,,human
DMRT3,,,,,,0.02980722486972809,,0.02980722486972809,0.02980722486972809,,human
DOCK9,,,,,,0.02934889867901802,,0.02934889867901802,0.02934889867901802,,human
SGPP2,,,,,,0.02775074541568756,,0.02775074541568756,0.02775074541568756,,human
SPON1,,,,,,0.02702275663614273,,0.02702275663614273,0.02702275663614273,,human
FHL2,,,,,,0.02697731740772724,,0.02697731740772724,0.02697731740772724,,human
TNFAIP2,,,,,,0.026719193905591965,,0.026719193905591965,0.026719193905591965,,human
IL6,,,,,,0.026103800162672997,,0.026103800162672997,0.026103800162672997,,human
HSPB2,,,,,,0.025966040790081024,,0.025966040790081024,0.025966040790081024,,human
LTB,,,,,,0.025701889768242836,,0.025701889768242836,0.025701889768242836,,human
IQCA1,,,,,,0.025359995663166046,,0.025359995663166046,0.025359995663166046,,human
UGT2B7,,,,,,0.025078685954213142,,0.025078685954213142,0.025078685954213142,,human
CDH16,,,,,,0.024922966957092285,,0.024922966957092285,0.024922966957092285,,human
IQCD,,,,,,0.02489309571683407,,0.02489309571683407,0.02489309571683407,,human
COL11A1,,,,,,0.02462507225573063,,0.02462507225573063,0.02462507225573063,,human
ARHGAP24,,,,,,0.023804284632205963,,0.023804284632205963,0.023804284632205963,,human
PDZK1IP1,,,,,,0.023712322115898132,,0.023712322115898132,0.023712322115898132,,human
C15orf48,,,,,,0.02354303002357483,,0.02354303002357483,0.02354303002357483,,human
ANKRD1,,,,,,0.023476654663681984,,0.023476654663681984,0.023476654663681984,,human
PCDH20,,,,,,0.023236999288201332,,0.023236999288201332,0.023236999288201332,,human
HOXD8,,,,,,0.023141905665397644,,0.023141905665397644,0.023141905665397644,,human
SPX,,,,,,0.023116707801818848,,0.023116707801818848,0.023116707801818848,,human
SAA2,,,,,,0.022440442815423012,,0.022440442815423012,0.022440442815423012,,human
TMEM159,,,,,,0.022358572110533714,,0.022358572110533714,0.022358572110533714,,human
DENND2A,,,,,,0.02199331670999527,,0.02199331670999527,0.02199331670999527,,human
EVA1A,,,,,,0.021412396803498268,,0.021412396803498268,0.021412396803498268,,human
CLDN1,,,,,,0.021290602162480354,,0.021290602162480354,0.021290602162480354,,human
MXRA8,,,,,,0.020933231338858604,,0.020933231338858604,0.020933231338858604,,human
SCIN,,,,,,0.020903833210468292,,0.020903833210468292,0.020903833210468292,,human
GUCY1B3,,,,,,0.02062171697616577,,0.02062171697616577,0.02062171697616577,,human
TENM4,,,,,,0.020386692136526108,,0.020386692136526108,0.020386692136526108,,human
RAB3B,,,,,,0.02021106518805027,,0.02021106518805027,0.02021106518805027,,human
FAM187A,,,,,,0.019738486036658287,,0.019738486036658287,0.019738486036658287,,human
DPP4,,,,,,0.01963650807738304,,0.01963650807738304,0.01963650807738304,,human
CDKN1A,,,,,,0.019615191966295242,,0.019615191966295242,0.019615191966295242,,human
EPB41L4A-AS2,,,,,,0.01916993223130703,,0.01916993223130703,0.01916993223130703,,human
CHODL,,,,,,0.018562722951173782,,0.018562722951173782,0.018562722951173782,,human
ADAM8,,,,,,0.0181681290268898,,0.0181681290268898,0.0181681290268898,,human
FAM129A,,,,,,0.01815459132194519,,0.01815459132194519,0.01815459132194519,,human
WNT10A,,,,,,0.018077054992318153,,0.018077054992318153,0.018077054992318153,,human
C12orf54,,,,,,0.01770518720149994,,0.01770518720149994,0.01770518720149994,,human
CPNE8,,,,,,0.017483383417129517,,0.017483383417129517,0.017483383417129517,,human
JAZF1,,,,,,0.017309265211224556,,0.017309265211224556,0.017309265211224556,,human
C7orf33,,,,,,0.017116263508796692,,0.017116263508796692,0.017116263508796692,,human
KCNIP4,,,,,,0.017017608508467674,,0.017017608508467674,0.017017608508467674,,human
IKBKE,,,,,,0.016977552324533463,,0.016977552324533463,0.016977552324533463,,human
FAM84A,,,,,,0.016509583219885826,,0.016509583219885826,0.016509583219885826,,human
PLEKHF1,,,,,,0.016361938789486885,,0.016361938789486885,0.016361938789486885,,human
FOXE1,,,,,,0.01633281819522381,,0.01633281819522381,0.01633281819522381,,human
MCHR2,,,,,,0.015979154035449028,,0.015979154035449028,0.015979154035449028,,human
MYOM2,,,,,,0.015971114858984947,,0.015971114858984947,0.015971114858984947,,human
ZBBX,,,,,,0.015924157574772835,,0.015924157574772835,0.015924157574772835,,human
NME5,,,,,,0.015923451632261276,,0.015923451632261276,0.015923451632261276,,human
LRRC49,,,,,,0.01579502783715725,,0.01579502783715725,0.01579502783715725,,human
ITPKA,,,,,,0.015759017318487167,,0.015759017318487167,0.015759017318487167,,human
PTPN13,,,,,,0.015656448900699615,,0.015656448900699615,0.015656448900699615,,human
PNOC,,,,,,0.015655510127544403,,0.015655510127544403,0.015655510127544403,,human
LURAP1L,,,,,,0.01563701592385769,,0.01563701592385769,0.01563701592385769,,human
ETHE1,,,,,,0.015429878607392311,,0.015429878607392311,0.015429878607392311,,human
OTUD7B,,,,,,0.015018495731055737,,0.015018495731055737,0.015018495731055737,,human
JDP2,,,,,,0.014985223300755024,,0.014985223300755024,0.014985223300755024,,human
SCG5,,,,,,0.014941779896616936,,0.014941779896616936,0.014941779896616936,,human
ZNF536,,,,,,0.014936046674847603,,0.014936046674847603,0.014936046674847603,,human
HLA-DMB,,,,,,0.014872753992676735,,0.014872753992676735,0.014872753992676735,,human
TMEM200A,,,,,,0.014786618761718273,,0.014786618761718273,0.014786618761718273,,human
COL12A1,,,,,,0.014756361022591591,,0.014756361022591591,0.014756361022591591,,human
TSNAXIP1,,,,,,0.014744383282959461,,0.014744383282959461,0.014744383282959461,,human
TMCC3,,,,,,0.01470719650387764,,0.01470719650387764,0.01470719650387764,,human
SRD5A2,,,,,,0.014592467807233334,,0.014592467807233334,0.014592467807233334,,human
FAP,,,,,,0.014581352472305298,,0.014581352472305298,0.014581352472305298,,human
CDON,,,,,,0.014503039419651031,,0.014503039419651031,0.014503039419651031,,human
C11orf40,,,,,,0.014498641714453697,,0.014498641714453697,0.014498641714453697,,human
TSPAN12,,,,,,0.014442261308431625,,0.014442261308431625,0.014442261308431625,,human
SPATA18,,,,,,0.014360591769218445,,0.014360591769218445,0.014360591769218445,,human
EPHB1,,,,,,0.014333515428006649,,0.014333515428006649,0.014333515428006649,,human
MAP6,,,,,,0.014254790730774403,,0.014254790730774403,0.014254790730774403,,human
IFI44L,,,,,,0.01418851688504219,,0.01418851688504219,0.01418851688504219,,human
ZKSCAN7,,,,,,0.01418521348387003,,0.01418521348387003,0.01418521348387003,,human
GPC6,,,,,,0.014098158106207848,,0.014098158106207848,0.014098158106207848,,human
LARP6,,,,,,0.014044933021068573,,0.014044933021068573,0.014044933021068573,,human
SULT1C2,,,,,,0.014015807770192623,,0.014015807770192623,0.014015807770192623,,human
UGT2B11,,,,,,0.013991833664476871,,0.013991833664476871,0.013991833664476871,,human
UGT2B10,,,,,,0.013982212170958519,,0.013982212170958519,0.013982212170958519,,human
ADORA1,,,,,,0.013772823847830296,,0.013772823847830296,0.013772823847830296,,human
IFIT3,,,,,,0.013594119809567928,,0.013594119809567928,0.013594119809567928,,human
CYP2C8,,,,,,0.01354353129863739,,0.01354353129863739,0.01354353129863739,,human
GBP1,,,,,,0.013534333556890488,,0.013534333556890488,0.013534333556890488,,human
GRIA3,,,,,,0.013466321863234043,,0.013466321863234043,0.013466321863234043,,human
SLC44A3,,,,,,0.013447361066937447,,0.013447361066937447,0.013447361066937447,,human
KIF26B,,,,,,0.01329994946718216,,0.01329994946718216,0.01329994946718216,,human
SMARCD1,,,,,,0.01327251736074686,,0.01327251736074686,0.01327251736074686,,human
TINAG,,,,,,0.013233636505901814,,0.013233636505901814,0.013233636505901814,,human
SLFN5,,,,,,0.013216905295848846,,0.013216905295848846,0.013216905295848846,,human
VEPH1,,,,,,0.01319106761366129,,0.01319106761366129,0.01319106761366129,,human
EFCAB13,,,,,,0.012877904810011387,,0.012877904810011387,0.012877904810011387,,human
LTBP3,,,,,,0.012836972251534462,,0.012836972251534462,0.012836972251534462,,human
ARHGEF2,,,,,,0.01282488089054823,,0.01282488089054823,0.01282488089054823,,human
ANXA13,,,,,,0.012769441120326519,,0.012769441120326519,0.012769441120326519,,human
SLC16A4,,,,,,0.012750497087836266,,0.012750497087836266,0.012750497087836266,,human
RPS6KA2,,,,,,0.01260876003652811,,0.01260876003652811,0.01260876003652811,,human
ARC,,,,,,0.01256165187805891,,0.01256165187805891,0.01256165187805891,,human
ALDH1L2,,,,,,0.012553713284432888,,0.012553713284432888,0.012553713284432888,,human
TEX35,,,,,,0.012518586590886116,,0.012518586590886116,0.012518586590886116,,human
CYP2C19,,,,,,0.01247312780469656,,0.01247312780469656,0.01247312780469656,,human
ZNF185,,,,,,0.012373914010822773,,0.012373914010822773,0.012373914010822773,,human
ENPEP,,,,,,0.012332765385508537,,0.012332765385508537,0.012332765385508537,,human
FRMD4A,,,,,,0.012301749549806118,,0.012301749549806118,0.012301749549806118,,human
SCN9A,,,,,,0.012248625978827477,,0.012248625978827477,0.012248625978827477,,human
PF4V1,,,,,,0.01219256967306137,,0.01219256967306137,0.01219256967306137,,human
CES4A,,,,,,0.012074104510247707,,0.012074104510247707,0.012074104510247707,,human
CNTN6,,,,,,0.012072169221937656,,0.012072169221937656,0.012072169221937656,,human
RSPH1,,,,,,0.012039333581924438,,0.012039333581924438,0.012039333581924438,,human
EHD3,,,,,,0.011969208717346191,,0.011969208717346191,0.011969208717346191,,human
NEK11,,,,,,0.01195488404482603,,0.01195488404482603,0.01195488404482603,,human
ENTPD3,,,,,,0.011803488247096539,,0.011803488247096539,0.011803488247096539,,human
PHLDA3,,,,,,0.011795015074312687,,0.011795015074312687,0.011795015074312687,,human
FLJ31715,,,,,,0.011698371730744839,,0.011698371730744839,0.011698371730744839,,human
TMC3,,,,,,0.011667338199913502,,0.011667338199913502,0.011667338199913502,,human
ROBO3,,,,,,0.01166519708931446,,0.01166519708931446,0.01166519708931446,,human
RBCK1,,,,,,0.011625703424215317,,0.011625703424215317,0.011625703424215317,,human
COL18A1,,,,,,0.011611313559114933,,0.011611313559114933,0.011611313559114933,,human
C14orf132,,,,,,0.011608936823904514,,0.011608936823904514,0.011608936823904514,,human
PAPLN,,,,,,0.011598643846809864,,0.011598643846809864,0.011598643846809864,,human
PPP1R14A,,,,,,0.011594552546739578,,0.011594552546739578,0.011594552546739578,,human
HOXC9,,,,,,0.011583006009459496,,0.011583006009459496,0.011583006009459496,,human
RBPMS,,,,,,0.011534050107002258,,0.011534050107002258,0.011534050107002258,,human
CWH43,,,,,,0.011532632634043694,,0.011532632634043694,0.011532632634043694,,human
NOG,,,,,,0.011532115750014782,,0.011532115750014782,0.011532115750014782,,human
DOPEY2,,,,,,0.011453439481556416,,0.011453439481556416,0.011453439481556416,,human
PPIL6,,,,,,0.011445959098637104,,0.011445959098637104,0.011445959098637104,,human
CLDN14,,,,,,0.011425867676734924,,0.011425867676734924,0.011425867676734924,,human
NLRP3,,,,,,0.011368022300302982,,0.011368022300302982,0.011368022300302982,,human
RRN3P1,,,,,,0.011358599178493023,,0.011358599178493023,0.011358599178493023,,human
TSHZ3,,,,,,0.011302382685244083,,0.011302382685244083,0.011302382685244083,,human
CLVS2,,,,,,0.011267089284956455,,0.011267089284956455,0.011267089284956455,,human
PCDH17,,,,,,0.011262951418757439,,0.011262951418757439,0.011262951418757439,,human
CLDN16,,,,,,0.011261465027928352,,0.011261465027928352,0.011261465027928352,,human
STRA6,,,,,,0.011253916658461094,,0.011253916658461094,0.011253916658461094,,human
VAX2,,,,,,0.011215667240321636,,0.011215667240321636,0.011215667240321636,,human
ARL14,,,,,,0.011133808642625809,,0.011133808642625809,0.011133808642625809,,human
ZNF285,,,,,,0.011065845377743244,,0.011065845377743244,0.011065845377743244,,human
PKHD1,,,,,,0.01103235874325037,,0.01103235874325037,0.01103235874325037,,human
NMRK1,,,,,,0.0110062500461936,,0.0110062500461936,0.0110062500461936,,human
KRT222,,,,,,0.01100492849946022,,0.01100492849946022,0.01100492849946022,,human
PAX8,,,,,,0.011004254221916199,,0.011004254221916199,0.011004254221916199,,human
PLA1A,,,,,,0.011003329418599606,,0.011003329418599606,0.011003329418599606,,human
SPATA4,,,,,,0.010992629453539848,,0.010992629453539848,0.010992629453539848,,human
TSPAN1,,,,,,0.01098687294870615,,0.01098687294870615,0.01098687294870615,,human
SLC17A1,,,,,,0.01095832884311676,,0.01095832884311676,0.01095832884311676,,human
HAPLN1,,,,,,0.010923575609922409,,0.010923575609922409,0.010923575609922409,,human
LTBR,,,,,,0.010910206474363804,,0.010910206474363804,0.010910206474363804,,human
TGFB1I1,,,,,,0.010875282809138298,,0.010875282809138298,0.010875282809138298,,human
CXCL8,,,,,,0.010835588909685612,,0.010835588909685612,0.010835588909685612,,human
SPG20,,,,,,0.01082826778292656,,0.01082826778292656,0.01082826778292656,,human
LAMP3,,,,,,0.010811560787260532,,0.010811560787260532,0.010811560787260532,,human
CCER1,,,,,,0.010756449773907661,,0.010756449773907661,0.010756449773907661,,human
TMEM220,,,,,,0.0107055539265275,,0.0107055539265275,0.0107055539265275,,human
DAPK1,,,,,,0.010672347620129585,,0.010672347620129585,0.010672347620129585,,human
NXPE1,,,,,,0.010670747607946396,,0.010670747607946396,0.010670747607946396,,human
NPPB,,,,,,-0.5452735424041748,,-0.5452735424041748,-0.5452735424041748,,human
KCNJ16,,,,,,-0.2173232138156891,,-0.2173232138156891,-0.2173232138156891,,human
EDN2,,,,,,-0.12842227518558502,,-0.12842227518558502,-0.12842227518558502,,human
F3,,,,,,-0.11453010886907578,,-0.11453010886907578,-0.11453010886907578,,human
EDN1,,,,,,-0.11160875111818314,,-0.11160875111818314,-0.11160875111818314,,human
B4GALT6,,,,,,-0.10936348885297775,,-0.10936348885297775,-0.10936348885297775,,human
SOX17,,,,,,-0.09857779741287231,,-0.09857779741287231,-0.09857779741287231,,human
EDIL3,,,,,,-0.0974014550447464,,-0.0974014550447464,-0.0974014550447464,,human
NKAPL,,,,,,-0.08876343071460724,,-0.08876343071460724,-0.08876343071460724,,human
KITLG,,,,,,-0.08072353154420853,,-0.08072353154420853,-0.08072353154420853,,human
IL11,,,,,,-0.07681085914373398,,-0.07681085914373398,-0.07681085914373398,,human
SMURF2,,,,,,-0.07364969700574875,,-0.07364969700574875,-0.07364969700574875,,human
SLN,,,,,,-0.07021766901016235,,-0.07021766901016235,-0.07021766901016235,,human
CNN1,,,,,,-0.06967126578092575,,-0.06967126578092575,-0.06967126578092575,,human
INHBA,,,,,,-0.06879359483718872,,-0.06879359483718872,-0.06879359483718872,,human
IL1A,,,,,,-0.06495275348424911,,-0.06495275348424911,-0.06495275348424911,,human
ERICH5,,,,,,-0.06059427931904793,,-0.06059427931904793,-0.06059427931904793,,human
ARSJ,,,,,,-0.060021430253982544,,-0.060021430253982544,-0.060021430253982544,,human
C14orf105,,,,,,-0.05766979232430458,,-0.05766979232430458,-0.05766979232430458,,human
PITX2,,,,,,-0.053083669394254684,,-0.053083669394254684,-0.053083669394254684,,human
ZBED2,,,,,,-0.05249052122235298,,-0.05249052122235298,-0.05249052122235298,,human
DSC3,,,,,,-0.051104456186294556,,-0.051104456186294556,-0.051104456186294556,,human
ABCB1,,,,,,-0.04899799823760986,,-0.04899799823760986,-0.04899799823760986,,human
PLD5,,,,,,-0.04854608699679375,,-0.04854608699679375,-0.04854608699679375,,human
TRPC4,,,,,,-0.048414502292871475,,-0.048414502292871475,-0.048414502292871475,,human
ITGB6,,,,,,-0.048201050609350204,,-0.048201050609350204,-0.048201050609350204,,human
BDNF,,,,,,-0.04803261160850525,,-0.04803261160850525,-0.04803261160850525,,human
TRIM55,,,,,,-0.04795651137828827,,-0.04795651137828827,-0.04795651137828827,,human
GLIPR1,,,,,,-0.04703884571790695,,-0.04703884571790695,-0.04703884571790695,,human
EMX2,,,,,,-0.04668024927377701,,-0.04668024927377701,-0.04668024927377701,,human
WNT5B,,,,,,-0.04666106775403023,,-0.04666106775403023,-0.04666106775403023,,human
FBLIM1,,,,,,-0.046580903232097626,,-0.046580903232097626,-0.046580903232097626,,human
FAM212B,,,,,,-0.04636329784989357,,-0.04636329784989357,-0.04636329784989357,,human
WWC1,,,,,,-0.04437532275915146,,-0.04437532275915146,-0.04437532275915146,,human
TMEM154,,,,,,-0.042937614023685455,,-0.042937614023685455,-0.042937614023685455,,human
SH3RF2,,,,,,-0.041957251727581024,,-0.041957251727581024,-0.041957251727581024,,human
ZFP42,,,,,,-0.04193028062582016,,-0.04193028062582016,-0.04193028062582016,,human
TLL2,,,,,,-0.03907642886042595,,-0.03907642886042595,-0.03907642886042595,,human
SLC1A1,,,,,,-0.03852478787302971,,-0.03852478787302971,-0.03852478787302971,,human
TNFSF10,,,,,,-0.037052858620882034,,-0.037052858620882034,-0.037052858620882034,,human
C3orf52,,,,,,-0.03697789087891579,,-0.03697789087891579,-0.03697789087891579,,human
LFNG,,,,,,-0.03471120074391365,,-0.03471120074391365,-0.03471120074391365,,human
COMP,,,,,,-0.03461363539099693,,-0.03461363539099693,-0.03461363539099693,,human
NCS1,,,,,,-0.03441295772790909,,-0.03441295772790909,-0.03441295772790909,,human
S100A2,,,,,,-0.03441082313656807,,-0.03441082313656807,-0.03441082313656807,,human
LRRN4,,,,,,-0.03422292321920395,,-0.03422292321920395,-0.03422292321920395,,human
PROCR,,,,,,-0.0338786244392395,,-0.0338786244392395,-0.0338786244392395,,human
BST1,,,,,,-0.03371398150920868,,-0.03371398150920868,-0.03371398150920868,,human
GJC1,,,,,,-0.032892778515815735,,-0.032892778515815735,-0.032892778515815735,,human
SULT1B1,,,,,,-0.03196877986192703,,-0.03196877986192703,-0.03196877986192703,,human
HBEGF,,,,,,-0.03131162375211716,,-0.03131162375211716,-0.03131162375211716,,human
RRAD,,,,,,-0.031275659799575806,,-0.031275659799575806,-0.031275659799575806,,human
ENC1,,,,,,-0.0307159423828125,,-0.0307159423828125,-0.0307159423828125,,human
LYPD1,,,,,,-0.03049551509320736,,-0.03049551509320736,-0.03049551509320736,,human
AKAP12,,,,,,-0.029975561425089836,,-0.029975561425089836,-0.029975561425089836,,human
INF2,,,,,,-0.029766226187348366,,-0.029766226187348366,-0.029766226187348366,,human
TUBB6,,,,,,-0.02970716916024685,,-0.02970716916024685,-0.02970716916024685,,human
AP1S3,,,,,,-0.029548006132245064,,-0.029548006132245064,-0.029548006132245064,,human
MT1B,,,,,,-0.029222585260868073,,-0.029222585260868073,-0.029222585260868073,,human
LAMB3,,,,,,-0.029126428067684174,,-0.029126428067684174,-0.029126428067684174,,human
PGM2L1,,,,,,-0.029041262343525887,,-0.029041262343525887,-0.029041262343525887,,human
EPHA5,,,,,,-0.028656451031565666,,-0.028656451031565666,-0.028656451031565666,,human
CMIP,,,,,,-0.02857893332839012,,-0.02857893332839012,-0.02857893332839012,,human
CCL4,,,,,,-0.028328854590654373,,-0.028328854590654373,-0.028328854590654373,,human
DCDC2,,,,,,-0.028270622715353966,,-0.028270622715353966,-0.028270622715353966,,human
HOXA9,,,,,,-0.027940262109041214,,-0.027940262109041214,-0.027940262109041214,,human
LAMA3,,,,,,-0.02789495326578617,,-0.02789495326578617,-0.02789495326578617,,human
RARB,,,,,,-0.027362316846847534,,-0.027362316846847534,-0.027362316846847534,,human
CLDN2,,,,,,-0.0271450225263834,,-0.0271450225263834,-0.0271450225263834,,human
DDX58,,,,,,-0.027103712782263756,,-0.027103712782263756,-0.027103712782263756,,human
DAW1,,,,,,-0.027068721130490303,,-0.027068721130490303,-0.027068721130490303,,human
ZFHX4,,,,,,-0.026970701292157173,,-0.026970701292157173,-0.026970701292157173,,human
LRP12,,,,,,-0.02683614194393158,,-0.02683614194393158,-0.02683614194393158,,human
SPHK1,,,,,,-0.02674655057489872,,-0.02674655057489872,-0.02674655057489872,,human
SIRPA,,,,,,-0.02623300999403,,-0.02623300999403,-0.02623300999403,,human
RCN3,,,,,,-0.026220694184303284,,-0.026220694184303284,-0.026220694184303284,,human
CCL7,,,,,,-0.02594323270022869,,-0.02594323270022869,-0.02594323270022869,,human
MGARP,,,,,,-0.025733333081007004,,-0.025733333081007004,-0.025733333081007004,,human
FILIP1L,,,,,,-0.0257283803075552,,-0.0257283803075552,-0.0257283803075552,,human
FNDC4,,,,,,-0.024972818791866302,,-0.024972818791866302,-0.024972818791866302,,human
WWTR1,,,,,,-0.024725450202822685,,-0.024725450202822685,-0.024725450202822685,,human
CDH6,,,,,,-0.024657845497131348,,-0.024657845497131348,-0.024657845497131348,,human
CXCL5,,,,,,-0.024421347305178642,,-0.024421347305178642,-0.024421347305178642,,human
HN1,,,,,,-0.02435177192091942,,-0.02435177192091942,-0.02435177192091942,,human
CXCL6,,,,,,-0.023871537297964096,,-0.023871537297964096,-0.023871537297964096,,human
CLDN6,,,,,,-0.023667413741350174,,-0.023667413741350174,-0.023667413741350174,,human
VASP,,,,,,-0.023638039827346802,,-0.023638039827346802,-0.023638039827346802,,human
KRT33A,,,,,,-0.023447852581739426,,-0.023447852581739426,-0.023447852581739426,,human
ZSCAN10,,,,,,-0.0233642365783453,,-0.0233642365783453,-0.0233642365783453,,human
TMEM139,,,,,,-0.023360470309853554,,-0.023360470309853554,-0.023360470309853554,,human
GPRC5A,,,,,,-0.023255271837115288,,-0.023255271837115288,-0.023255271837115288,,human
DCBLD2,,,,,,-0.022961271926760674,,-0.022961271926760674,-0.022961271926760674,,human
TFAP2B,,,,,,-0.022702760994434357,,-0.022702760994434357,-0.022702760994434357,,human
COX6A2,,,,,,-0.02220376953482628,,-0.02220376953482628,-0.02220376953482628,,human
NEXN,,,,,,-0.02207879163324833,,-0.02207879163324833,-0.02207879163324833,,human
STK38L,,,,,,-0.021920904517173767,,-0.021920904517173767,-0.021920904517173767,,human
HYI,,,,,,-0.021912217140197754,,-0.021912217140197754,-0.021912217140197754,,human
GALNT14,,,,,,-0.02186710014939308,,-0.02186710014939308,-0.02186710014939308,,human
CPA4,,,,,,-0.021763736382126808,,-0.021763736382126808,-0.021763736382126808,,human
HOXB6,,,,,,-0.02159826271235943,,-0.02159826271235943,-0.02159826271235943,,human
BCL10,,,,,,-0.021572943776845932,,-0.021572943776845932,-0.021572943776845932,,human
CDCP1,,,,,,-0.021468663588166237,,-0.021468663588166237,-0.021468663588166237,,human
TSPAN2,,,,,,-0.02143838256597519,,-0.02143838256597519,-0.02143838256597519,,human
RBP7,,,,,,-0.02142951823771,,-0.02142951823771,-0.02142951823771,,human
CRIM1,,,,,,-0.02132624015212059,,-0.02132624015212059,-0.02132624015212059,,human
KCNJ8,,,,,,-0.021315546706318855,,-0.021315546706318855,-0.021315546706318855,,human
WNT7B,,,,,,-0.021308045834302902,,-0.021308045834302902,-0.021308045834302902,,human
POP1,,,,,,-0.02111874334514141,,-0.02111874334514141,-0.02111874334514141,,human
KRT7,,,,,,-0.021100791171193123,,-0.021100791171193123,-0.021100791171193123,,human
GPR110,,,,,,-0.020882289856672287,,-0.020882289856672287,-0.020882289856672287,,human
NPBWR1,,,,,,-0.020818229764699936,,-0.020818229764699936,-0.020818229764699936,,human
PRPS1L1,,,,,,-0.02080732025206089,,-0.02080732025206089,-0.02080732025206089,,human
ARL4C,,,,,,-0.02039206400513649,,-0.02039206400513649,-0.02039206400513649,,human
CCDC151,,,,,,-0.020215511322021484,,-0.020215511322021484,-0.020215511322021484,,human
FZD10,,,,,,-0.020175576210021973,,-0.020175576210021973,-0.020175576210021973,,human
MMP12,,,,,,-0.020004495978355408,,-0.020004495978355408,-0.020004495978355408,,human
ANXA10,,,,,,-0.0199955515563488,,-0.0199955515563488,-0.0199955515563488,,human
HTR1A,,,,,,-0.019961779937148094,,-0.019961779937148094,-0.019961779937148094,,human
FOXB1,,,,,,-0.019874785095453262,,-0.019874785095453262,-0.019874785095453262,,human
UPK1B,,,,,,-0.01977761648595333,,-0.01977761648595333,-0.01977761648595333,,human
SEMA3E,,,,,,-0.019624479115009308,,-0.019624479115009308,-0.019624479115009308,,human
LOC338620,,,,,,-0.01955552026629448,,-0.01955552026629448,-0.01955552026629448,,human
ECSCR,,,,,,-0.01953585259616375,,-0.01953585259616375,-0.01953585259616375,,human
FER,,,,,,-0.019378308206796646,,-0.019378308206796646,-0.019378308206796646,,human
FGF5,,,,,,-0.019182557240128517,,-0.019182557240128517,-0.019182557240128517,,human
ACTN3,,,,,,-0.019154353067278862,,-0.019154353067278862,-0.019154353067278862,,human
IFITM5,,,,,,-0.019081588834524155,,-0.019081588834524155,-0.019081588834524155,,human
PLA2G2E,,,,,,-0.018950751051306725,,-0.018950751051306725,-0.018950751051306725,,human
AMIGO2,,,,,,-0.0189263466745615,,-0.0189263466745615,-0.0189263466745615,,human
RAB12,,,,,,-0.018855560570955276,,-0.018855560570955276,-0.018855560570955276,,human
CCDC80,,,,,,-0.01877039112150669,,-0.01877039112150669,-0.01877039112150669,,human
CRB3,,,,,,-0.018635112792253494,,-0.018635112792253494,-0.018635112792253494,,human
CTTNBP2NL,,,,,,-0.018622668460011482,,-0.018622668460011482,-0.018622668460011482,,human
BTBD7,,,,,,-0.018529094755649567,,-0.018529094755649567,-0.018529094755649567,,human
RSG1,,,,,,-0.01827920973300934,,-0.01827920973300934,-0.01827920973300934,,human
CSF2,,,,,,-0.018207255750894547,,-0.018207255750894547,-0.018207255750894547,,human
SLFN12,,,,,,-0.018171941861510277,,-0.018171941861510277,-0.018171941861510277,,human
CCRN4L,,,,,,-0.01782112382352352,,-0.01782112382352352,-0.01782112382352352,,human
HOXA7,,,,,,-0.017745114862918854,,-0.017745114862918854,-0.017745114862918854,,human
TP53I3,,,,,,-0.017711561173200607,,-0.017711561173200607,-0.017711561173200607,,human
PSORS1C1,,,,,,-0.017697613686323166,,-0.017697613686323166,-0.017697613686323166,,human
OTUD7A,,,,,,-0.017539869993925095,,-0.017539869993925095,-0.017539869993925095,,human
MICALCL,,,,,,-0.017132287845015526,,-0.017132287845015526,-0.017132287845015526,,human
PSG6,,,,,,-0.01707630790770054,,-0.01707630790770054,-0.01707630790770054,,human
MCAM,,,,,,-0.016955217346549034,,-0.016955217346549034,-0.016955217346549034,,human
CALD1,,,,,,-0.01686452329158783,,-0.01686452329158783,-0.01686452329158783,,human
TNFRSF10A,,,,,,-0.016819875687360764,,-0.016819875687360764,-0.016819875687360764,,human
HHIP,,,,,,-0.016743624582886696,,-0.016743624582886696,-0.016743624582886696,,human
HRAS,,,,,,-0.016703549772500992,,-0.016703549772500992,-0.016703549772500992,,human
CACNA1E,,,,,,-0.01657855696976185,,-0.01657855696976185,-0.01657855696976185,,human
PSG9,,,,,,-0.016520744189620018,,-0.016520744189620018,-0.016520744189620018,,human
ADAMTS3,,,,,,-0.016469214111566544,,-0.016469214111566544,-0.016469214111566544,,human
MURC,,,,,,-0.016451170668005943,,-0.016451170668005943,-0.016451170668005943,,human
ENAH,,,,,,-0.016387680545449257,,-0.016387680545449257,-0.016387680545449257,,human
PSG4,,,,,,-0.0162836741656065,,-0.0162836741656065,-0.0162836741656065,,human
SRGAP1,,,,,,-0.0162835493683815,,-0.0162835493683815,-0.0162835493683815,,human
SH3RF1,,,,,,-0.016267720609903336,,-0.016267720609903336,-0.016267720609903336,,human
TMEM2,,,,,,-0.016226723790168762,,-0.016226723790168762,-0.016226723790168762,,human
ENTPD7,,,,,,-0.01622580923140049,,-0.01622580923140049,-0.01622580923140049,,human
MPP4,,,,,,-0.016203241422772408,,-0.016203241422772408,-0.016203241422772408,,human
TAPBP,,,,,,-0.0162022914737463,,-0.0162022914737463,-0.0162022914737463,,human
CA12,,,,,,-0.01618979126214981,,-0.01618979126214981,-0.01618979126214981,,human
PPM1F,,,,,,-0.016113540157675743,,-0.016113540157675743,-0.016113540157675743,,human
HRASLS,,,,,,-0.01596515066921711,,-0.01596515066921711,-0.01596515066921711,,human
MCC,,,,,,-0.015935007482767105,,-0.015935007482767105,-0.015935007482767105,,human
CCNA1,,,,,,-0.01585274748504162,,-0.01585274748504162,-0.01585274748504162,,human
NOX4,,,,,,-0.01575540192425251,,-0.01575540192425251,-0.01575540192425251,,human
DACT1,,,,,,-0.015539663843810558,,-0.015539663843810558,-0.015539663843810558,,human
B3GNT5,,,,,,-0.015536608174443245,,-0.015536608174443245,-0.015536608174443245,,human
SACS,,,,,,-0.015442372299730778,,-0.015442372299730778,-0.015442372299730778,,human
CFLAR,,,,,,-0.015397854149341583,,-0.015397854149341583,-0.015397854149341583,,human
AQPEP,,,,,,-0.015335487201809883,,-0.015335487201809883,-0.015335487201809883,,human
LMCD1,,,,,,-0.015306780114769936,,-0.015306780114769936,-0.015306780114769936,,human
HOXA4,,,,,,-0.015165182761847973,,-0.015165182761847973,-0.015165182761847973,,human
GATA6,,,,,,-0.015074186027050018,,-0.015074186027050018,-0.015074186027050018,,human
SMTN,,,,,,-0.01506999135017395,,-0.01506999135017395,-0.01506999135017395,,human
ARHGAP23,,,,,,-0.015063418075442314,,-0.015063418075442314,-0.015063418075442314,,human
FGFBP1,,,,,,-0.014997470192611217,,-0.014997470192611217,-0.014997470192611217,,human
CORO1C,,,,,,-0.014875911176204681,,-0.014875911176204681,-0.014875911176204681,,human
FGD6,,,,,,-0.014826217666268349,,-0.014826217666268349,-0.014826217666268349,,human
UCHL3,,,,,,-0.014822280965745449,,-0.014822280965745449,-0.014822280965745449,,human
CD274,,,,,,-0.014740312471985817,,-0.014740312471985817,-0.014740312471985817,,human
RAB18,,,,,,-0.014723742380738258,,-0.014723742380738258,-0.014723742380738258,,human
NGB,,,,,,-0.014641128480434418,,-0.014641128480434418,-0.014641128480434418,,human
KATNAL1,,,,,,-0.014625946059823036,,-0.014625946059823036,-0.014625946059823036,,human
PCSK5,,,,,,-0.014601008035242558,,-0.014601008035242558,-0.014601008035242558,,human
EPHB2,,,,,,-0.014583531767129898,,-0.014583531767129898,-0.014583531767129898,,human
TNFAIP6,,,,,,-0.014459636062383652,,-0.014459636062383652,-0.014459636062383652,,human
ANXA3,,,,,,-0.01441166177392006,,-0.01441166177392006,-0.01441166177392006,,human
PAQR7,,,,,,-0.01438219752162695,,-0.01438219752162695,-0.01438219752162695,,human
PCSK9,,,,,,-0.014328071847558022,,-0.014328071847558022,-0.014328071847558022,,human
NF2,,,,,,-0.014193497598171234,,-0.014193497598171234,-0.014193497598171234,,human
MMP23B,,,,,,-0.014166492037475109,,-0.014166492037475109,-0.014166492037475109,,human
FLJ22184,,,,,,-0.014153228141367435,,-0.014153228141367435,-0.014153228141367435,,human
TMTC3,,,,,,-0.014135290868580341,,-0.014135290868580341,-0.014135290868580341,,human
TMOD3,,,,,,-0.014096612110733986,,-0.014096612110733986,-0.014096612110733986,,human
TBC1D19,,,,,,-0.014009376056492329,,-0.014009376056492329,-0.014009376056492329,,human
TP53I13,,,,,,-0.013953229412436485,,-0.013953229412436485,-0.013953229412436485,,human
CASKIN1,,,,,,-0.013914414681494236,,-0.013914414681494236,-0.013914414681494236,,human
P4HA2,,,,,,-0.013904029503464699,,-0.013904029503464699,-0.013904029503464699,,human
PFDN1,,,,,,-0.013864075765013695,,-0.013864075765013695,-0.013864075765013695,,human
PSG1,,,,,,-0.013797766529023647,,-0.013797766529023647,-0.013797766529023647,,human
PMEPA1,,,,,,-0.013787236995995045,,-0.013787236995995045,-0.013787236995995045,,human
LRRC17,,,,,,-0.013649577274918556,,-0.013649577274918556,-0.013649577274918556,,human
NNMT,,,,,,-0.013561935164034367,,-0.013561935164034367,-0.013561935164034367,,human
PCBP4,,,,,,-0.013556535355746746,,-0.013556535355746746,-0.013556535355746746,,human
AVP,,,,,,-0.013512659817934036,,-0.013512659817934036,-0.013512659817934036,,human
TRIM46,,,,,,-0.013474424369633198,,-0.013474424369633198,-0.013474424369633198,,human
EHD2,,,,,,-0.013376509770751,,-0.013376509770751,-0.013376509770751,,human
LCE5A,,,,,,-0.01332911103963852,,-0.01332911103963852,-0.01332911103963852,,human
LOXL2,,,,,,-0.013289783149957657,,-0.013289783149957657,-0.013289783149957657,,human
UGT1A6,,,,,,-0.013286865316331387,,-0.013286865316331387,-0.013286865316331387,,human
HOMER2,,,,,,-0.013231540098786354,,-0.013231540098786354,-0.013231540098786354,,human
DENND1A,,,,,,-0.013219192624092102,,-0.013219192624092102,-0.013219192624092102,,human
KRTAP5-8,,,,,,-0.013185556046664715,,-0.013185556046664715,-0.013185556046664715,,human
CDK2AP2,,,,,,-0.013121129013597965,,-0.013121129013597965,-0.013121129013597965,,human
TM2D2,,,,,,-0.01298708189278841,,-0.01298708189278841,-0.01298708189278841,,human
TICAM1,,,,,,-0.012970182113349438,,-0.012970182113349438,-0.012970182113349438,,human
HYAL2,,,,,,-0.012965216301381588,,-0.012965216301381588,-0.012965216301381588,,human
LIMS3,,,,,,-0.012923047877848148,,-0.012923047877848148,-0.012923047877848148,,human
MECOM,,,,,,-0.012856167741119862,,-0.012856167741119862,-0.012856167741119862,,human
PRR15,,,,,,-0.012852068059146404,,-0.012852068059146404,-0.012852068059146404,,human
TNFAIP8,,,,,,-0.012808891013264656,,-0.012808891013264656,-0.012808891013264656,,human
GLIS2,,,,,,-0.012763206847012043,,-0.012763206847012043,-0.012763206847012043,,human
MPP5,,,,,,-0.01273326389491558,,-0.01273326389491558,-0.01273326389491558,,human
SELM,,,,,,-0.01269275788217783,,-0.01269275788217783,-0.01269275788217783,,human
TRABD,,,,,,-0.012675818055868149,,-0.012675818055868149,-0.012675818055868149,,human
SGCA,,,,,,-0.012660713866353035,,-0.012660713866353035,-0.012660713866353035,,human
RASSF8,,,,,,-0.012586070224642754,,-0.012586070224642754,-0.012586070224642754,,human
EXT1,,,,,,-0.01255353819578886,,-0.01255353819578886,-0.01255353819578886,,human
FLJ31713,,,,,,-0.012507019564509392,,-0.012507019564509392,-0.012507019564509392,,human
TPM1,,,,,,-0.012502703815698624,,-0.012502703815698624,-0.012502703815698624,,human
LIMA1,,,,,,-0.012467064894735813,,-0.012467064894735813,-0.012467064894735813,,human
GRB14,,,,,,-0.012461640872061253,,-0.012461640872061253,-0.012461640872061253,,human
HES7,,,,,,-0.012423304840922356,,-0.012423304840922356,-0.012423304840922356,,human
TXK,,,,,,-0.012405416928231716,,-0.012405416928231716,-0.012405416928231716,,human
TGFBR1,,,,,,-0.012380451895296574,,-0.012380451895296574,-0.012380451895296574,,human
SOX11,,,,,,-0.012318706139922142,,-0.012318706139922142,-0.012318706139922142,,human
EPPK1,,,,,,-0.012297999113798141,,-0.012297999113798141,-0.012297999113798141,,human
ABCC9,,,,,,-0.012211658991873264,,-0.012211658991873264,-0.012211658991873264,,human
KCTD10,,,,,,-0.012169266119599342,,-0.012169266119599342,-0.012169266119599342,,human
IL4I1,,,,,,-0.012069178745150566,,-0.012069178745150566,-0.012069178745150566,,human
AP1M2,,,,,,-0.011979305185377598,,-0.011979305185377598,-0.011979305185377598,,human
IER3,,,,,,-0.011974050663411617,,-0.011974050663411617,-0.011974050663411617,,human
PSG3,,,,,,-0.011962111108005047,,-0.011962111108005047,-0.011962111108005047,,human
ADAP2,,,,,,-0.011915111914277077,,-0.011915111914277077,-0.011915111914277077,,human
EVX1,,,,,,-0.011861493811011314,,-0.011861493811011314,-0.011861493811011314,,human
RAB8B,,,,,,-0.011857995763421059,,-0.011857995763421059,-0.011857995763421059,,human
FOXD1,,,,,,-0.011840353719890118,,-0.011840353719890118,-0.011840353719890118,,human
RAB35,,,,,,-0.011789893731474876,,-0.011789893731474876,-0.011789893731474876,,human
BAG3,,,,,,-0.011770280078053474,,-0.011770280078053474,-0.011770280078053474,,human
NEDD4,,,,,,-0.01168146450072527,,-0.01168146450072527,-0.01168146450072527,,human
CABYR,,,,,,-0.011675845831632614,,-0.011675845831632614,-0.011675845831632614,,human
CFTR,,,,,,-0.011674684472382069,,-0.011674684472382069,-0.011674684472382069,,human
SHC3,,,,,,-0.011637096293270588,,-0.011637096293270588,-0.011637096293270588,,human
ELOVL1,,,,,,-0.011631092056632042,,-0.011631092056632042,-0.011631092056632042,,human
LPP,,,,,,-0.011602419428527355,,-0.011602419428527355,-0.011602419428527355,,human
RIPK2,,,,,,-0.011552122421562672,,-0.011552122421562672,-0.011552122421562672,,human
MXD4,,,,,,-0.011533552780747414,,-0.011533552780747414,-0.011533552780747414,,human
PLEK2,,,,,,-0.011522217653691769,,-0.011522217653691769,-0.011522217653691769,,human
SLC34A3,,,,,,-0.01150207407772541,,-0.01150207407772541,-0.01150207407772541,,human
CCL13,,,,,,-0.011442692019045353,,-0.011442692019045353,-0.011442692019045353,,human
UBE2J1,,,,,,-0.011377481743693352,,-0.011377481743693352,-0.011377481743693352,,human
CST6,,,,,,-0.011349650099873543,,-0.011349650099873543,-0.011349650099873543,,human
FLII,,,,,,-0.011294887401163578,,-0.011294887401163578,-0.011294887401163578,,human
GFRA1,,,,,,-0.01129404827952385,,-0.01129404827952385,-0.01129404827952385,,human
KBTBD8,,,,,,-0.011285054497420788,,-0.011285054497420788,-0.011285054497420788,,human
YKT6,,,,,,-0.011242841370403767,,-0.011242841370403767,-0.011242841370403767,,human
PFKFB3,,,,,,-0.011241146363317966,,-0.011241146363317966,-0.011241146363317966,,human
PPP1CB,,,,,,-0.011203787289559841,,-0.011203787289559841,-0.011203787289559841,,human
DUSP8,,,,,,-0.011176674626767635,,-0.011176674626767635,-0.011176674626767635,,human
S100A3,,,,,,-0.011175572872161865,,-0.011175572872161865,-0.011175572872161865,,human
HSD17B1,,,,,,-0.01115273404866457,,-0.01115273404866457,-0.01115273404866457,,human
HARS,,,,,,-0.011126099154353142,,-0.011126099154353142,-0.011126099154353142,,human
TMEM25,,,,,,-0.011114310473203659,,-0.011114310473203659,-0.011114310473203659,,human
LACTB,,,,,,-0.011104779317975044,,-0.011104779317975044,-0.011104779317975044,,human
HMGA2,,,,,,-0.01102029625326395,,-0.01102029625326395,-0.01102029625326395,,human
C5orf24,,,,,,-0.010996516793966293,,-0.010996516793966293,-0.010996516793966293,,human
STARD13,,,,,,-0.010977123863995075,,-0.010977123863995075,-0.010977123863995075,,human
TM4SF4,,,,,,-0.010974593460559845,,-0.010974593460559845,-0.010974593460559845,,human
CLDN23,,,,,,-0.010967278853058815,,-0.010967278853058815,-0.010967278853058815,,human
RRAS2,,,,,,-0.01095033623278141,,-0.01095033623278141,-0.01095033623278141,,human
FIGN,,,,,,-0.010948825627565384,,-0.010948825627565384,-0.010948825627565384,,human
SPPL2B,,,,,,-0.010921315290033817,,-0.010921315290033817,-0.010921315290033817,,human
DPP9,,,,,,-0.010901299305260181,,-0.010901299305260181,-0.010901299305260181,,human
SYT11,,,,,,-0.01089923083782196,,-0.01089923083782196,-0.01089923083782196,,human
RASSF4,,,,,,-0.010893958620727062,,-0.010893958620727062,-0.010893958620727062,,human
IL10,,,,,,-0.010867402888834476,,-0.010867402888834476,-0.010867402888834476,,human
STAC,,,,,,-0.010864202864468098,,-0.010864202864468098,-0.010864202864468098,,human
SLC22A3,,,,,,-0.010855890810489655,,-0.010855890810489655,-0.010855890810489655,,human
ADAM19,,,,,,-0.010849765501916409,,-0.010849765501916409,-0.010849765501916409,,human
PSG8,,,,,,-0.010847552679479122,,-0.010847552679479122,-0.010847552679479122,,human
GOLT1B,,,,,,-0.01079549826681614,,-0.01079549826681614,-0.01079549826681614,,human
GMPPB,,,,,,-0.010793584398925304,,-0.010793584398925304,-0.010793584398925304,,human
S1PR1,,,,,,-0.010771618224680424,,-0.010771618224680424,-0.010771618224680424,,human
CAPN15,,,,,,-0.010759898461401463,,-0.010759898461401463,-0.010759898461401463,,human
TNIP2,,,,,,-0.010732353664934635,,-0.010732353664934635,-0.010732353664934635,,human
VWA3B,,,,,,-0.01071198470890522,,-0.01071198470890522,-0.01071198470890522,,human
DUSP15,,,,,,-0.010699233040213585,,-0.010699233040213585,-0.010699233040213585,,human
PITPNM1,,,,,,-0.010690620169043541,,-0.010690620169043541,-0.010690620169043541,,human
NXN,,,,,,-0.010678306221961975,,-0.010678306221961975,-0.010678306221961975,,human
CLTB,,,,,,-0.01066021528095007,,-0.01066021528095007,-0.01066021528095007,,human
HBD,,,,,,,0.14593784511089325,0.14593784511089325,0.14593784511089325,,human
LEO1,,,,,,,0.0997038185596466,0.0997038185596466,0.0997038185596466,,human
GYPA,,,,,,,0.08167538046836853,0.08167538046836853,0.08167538046836853,,human
HIST1H4E,,,,,,,0.06586301326751709,0.06586301326751709,0.06586301326751709,,human
RN7SL2,,,,,,,0.06203387305140495,0.06203387305140495,0.06203387305140495,,human
HIST2H2AC,,,,,,,0.05894828960299492,0.05894828960299492,0.05894828960299492,,human
NEO1,,,,,,,0.053571268916130066,0.053571268916130066,0.053571268916130066,,human
SNORD46,,,,,,,0.05353175103664398,0.05353175103664398,0.05353175103664398,,human
SLC40A1,,,,,,,0.053412601351737976,0.053412601351737976,0.053412601351737976,,human
PSMB4,,,,,,,0.052536074072122574,0.052536074072122574,0.052536074072122574,,human
GYPE,,,,,,,0.05184759572148323,0.05184759572148323,0.05184759572148323,,human
BOLA3,,,,,,,0.05128847062587738,0.05128847062587738,0.05128847062587738,,human
ANP32A,,,,,,,0.04738134518265724,0.04738134518265724,0.04738134518265724,,human
RWDD2B,,,,,,,0.04447188973426819,0.04447188973426819,0.04447188973426819,,human
RHAG,,,,,,,0.044394876807928085,0.044394876807928085,0.044394876807928085,,human
EIF3A,,,,,,,0.043419837951660156,0.043419837951660156,0.043419837951660156,,human
TIPIN,,,,,,,0.041266437619924545,0.041266437619924545,0.041266437619924545,,human
SNORD49B,,,,,,,0.04018862545490265,0.04018862545490265,0.04018862545490265,,human
PLEK,,,,,,,0.03887913003563881,0.03887913003563881,0.03887913003563881,,human
TYW3,,,,,,,0.038842227309942245,0.038842227309942245,0.038842227309942245,,human
RELN,,,,,,,0.037487879395484924,0.037487879395484924,0.037487879395484924,,human
SNORD30,,,,,,,0.03716016933321953,0.03716016933321953,0.03716016933321953,,human
TMEM14C,,,,,,,0.036998502910137177,0.036998502910137177,0.036998502910137177,,human
SNORD78,,,,,,,0.03632515296339989,0.03632515296339989,0.03632515296339989,,human
SNORD13,,,,,,,0.03609821945428848,0.03609821945428848,0.03609821945428848,,human
GTF2H2C_2,,,,,,,0.03559010848402977,0.03559010848402977,0.03559010848402977,,human
TNNI3,,,,,,,0.03556312620639801,0.03556312620639801,0.03556312620639801,,human
NOLC1,,,,,,,0.034630224108695984,0.034630224108695984,0.034630224108695984,,human
RPS28,,,,,,,0.03409557044506073,0.03409557044506073,0.03409557044506073,,human
GABPA,,,,,,,0.03395161032676697,0.03395161032676697,0.03395161032676697,,human
NRIP1,,,,,,,0.03379153832793236,0.03379153832793236,0.03379153832793236,,human
G3BP1,,,,,,,0.03377632051706314,0.03377632051706314,0.03377632051706314,,human
WDR12,,,,,,,0.03270350769162178,0.03270350769162178,0.03270350769162178,,human
PFDN6,,,,,,,0.03269720450043678,0.03269720450043678,0.03269720450043678,,human
POLR3G,,,,,,,0.0322270505130291,0.0322270505130291,0.0322270505130291,,human
PIK3CB,,,,,,,0.03208966925740242,0.03208966925740242,0.03208966925740242,,human
TNNT1,,,,,,,0.03174486383795738,0.03174486383795738,0.03174486383795738,,human
HMGCS1,,,,,,,0.030979305505752563,0.030979305505752563,0.030979305505752563,,human
FKBP4,,,,,,,0.030890852212905884,0.030890852212905884,0.030890852212905884,,human
RNU2-2P,,,,,,,0.03027978166937828,0.03027978166937828,0.03027978166937828,,human
TMX2,,,,,,,0.030278228223323822,0.030278228223323822,0.030278228223323822,,human
CNRIP1,,,,,,,0.029982861131429672,0.029982861131429672,0.029982861131429672,,human
MRPL39,,,,,,,0.029952751472592354,0.029952751472592354,0.029952751472592354,,human
SNORD14C,,,,,,,0.02937990054488182,0.02937990054488182,0.02937990054488182,,human
GAS5,,,,,,,0.02936515398323536,0.02936515398323536,0.02936515398323536,,human
HNRNPC,,,,,,,0.02882341668009758,0.02882341668009758,0.02882341668009758,,human
ARMC8,,,,,,,0.02851942554116249,0.02851942554116249,0.02851942554116249,,human
DDX18,,,,,,,0.028406014665961266,0.028406014665961266,0.028406014665961266,,human
UIMC1,,,,,,,0.028386296704411507,0.028386296704411507,0.028386296704411507,,human
HNRNPAB,,,,,,,0.028324685990810394,0.028324685990810394,0.028324685990810394,,human
UHMK1,,,,,,,0.028319040313363075,0.028319040313363075,0.028319040313363075,,human
MCM3,,,,,,,0.028231747448444366,0.028231747448444366,0.028231747448444366,,human
IARS,,,,,,,0.028031865134835243,0.028031865134835243,0.028031865134835243,,human
RFC1,,,,,,,0.027771439403295517,0.027771439403295517,0.027771439403295517,,human
NIP7,,,,,,,0.02776426449418068,0.02776426449418068,0.02776426449418068,,human
CISD1,,,,,,,0.027742357924580574,0.027742357924580574,0.027742357924580574,,human
PPP3R1,,,,,,,0.027495944872498512,0.027495944872498512,0.027495944872498512,,human
GAFA3,,,,,,,0.02739306539297104,0.02739306539297104,0.02739306539297104,,human
GART,,,,,,,0.02735811099410057,0.02735811099410057,0.02735811099410057,,human
TMEM258,,,,,,,0.027114441618323326,0.027114441618323326,0.027114441618323326,,human
UMPS,,,,,,,0.026898542419075966,0.026898542419075966,0.026898542419075966,,human
NMD3,,,,,,,0.026750901713967323,0.026750901713967323,0.026750901713967323,,human
GSR,,,,,,,0.026723157614469528,0.026723157614469528,0.026723157614469528,,human
HSPD1,,,,,,,0.026245053857564926,0.026245053857564926,0.026245053857564926,,human
ARL15,,,,,,,0.026113081723451614,0.026113081723451614,0.026113081723451614,,human
SMN2,,,,,,,0.025996346026659012,0.025996346026659012,0.025996346026659012,,human
NDUFS6,,,,,,,0.02599380351603031,0.02599380351603031,0.02599380351603031,,human
FASTKD1,,,,,,,0.02598137967288494,0.02598137967288494,0.02598137967288494,,human
RFC3,,,,,,,0.02580614946782589,0.02580614946782589,0.02580614946782589,,human
PDSS1,,,,,,,0.025769155472517014,0.025769155472517014,0.025769155472517014,,human
HSPA5,,,,,,,0.02574680559337139,0.02574680559337139,0.02574680559337139,,human
MGST1,,,,,,,0.02573259547352791,0.02573259547352791,0.02573259547352791,,human
CENPU,,,,,,,0.02566809207201004,0.02566809207201004,0.02566809207201004,,human
ANXA4,,,,,,,0.02564636990427971,0.02564636990427971,0.02564636990427971,,human
SNORD14E,,,,,,,0.02546725422143936,0.02546725422143936,0.02546725422143936,,human
CISD2,,,,,,,0.025273727253079414,0.025273727253079414,0.025273727253079414,,human
XPO1,,,,,,,0.02515137754380703,0.02515137754380703,0.02515137754380703,,human
PDZD8,,,,,,,0.02511882223188877,0.02511882223188877,0.02511882223188877,,human
EIF4EBP2,,,,,,,0.024929212406277657,0.024929212406277657,0.024929212406277657,,human
UGDH,,,,,,,0.024785444140434265,0.024785444140434265,0.024785444140434265,,human
GNL3,,,,,,,0.024626674130558968,0.024626674130558968,0.024626674130558968,,human
COX16,,,,,,,0.02440887689590454,0.02440887689590454,0.02440887689590454,,human
GOLM1,,,,,,,0.023975711315870285,0.023975711315870285,0.023975711315870285,,human
RABGGTB,,,,,,,0.023868292570114136,0.023868292570114136,0.023868292570114136,,human
WDR43,,,,,,,0.02363484911620617,0.02363484911620617,0.02363484911620617,,human
C3orf58,,,,,,,0.023491842672228813,0.023491842672228813,0.023491842672228813,,human
NAA50,,,,,,,0.023338282480835915,0.023338282480835915,0.023338282480835915,,human
CD47,,,,,,,0.023172376677393913,0.023172376677393913,0.023172376677393913,,human
CUTC,,,,,,,0.022933125495910645,0.022933125495910645,0.022933125495910645,,human
PNPT1,,,,,,,0.022876521572470665,0.022876521572470665,0.022876521572470665,,human
MYL4,,,,,,,0.02274751104414463,0.02274751104414463,0.02274751104414463,,human
SNORD76,,,,,,,0.0226903073489666,0.0226903073489666,0.0226903073489666,,human
PTP4A1,,,,,,,0.02256185933947563,0.02256185933947563,0.02256185933947563,,human
RNF219,,,,,,,0.02243906818330288,0.02243906818330288,0.02243906818330288,,human
RIOK2,,,,,,,0.02239156886935234,0.02239156886935234,0.02239156886935234,,human
CCT6A,,,,,,,0.02228248119354248,0.02228248119354248,0.02228248119354248,,human
LYRM7,,,,,,,0.02217203751206398,0.02217203751206398,0.02217203751206398,,human
VAPA,,,,,,,0.022143468260765076,0.022143468260765076,0.022143468260765076,,human
POLR2H,,,,,,,0.022006509825587273,0.022006509825587273,0.022006509825587273,,human
SNHG3,,,,,,,0.021933643147349358,0.021933643147349358,0.021933643147349358,,human
DDTL,,,,,,,0.02157512679696083,0.02157512679696083,0.02157512679696083,,human
CSTF3,,,,,,,0.021505985409021378,0.021505985409021378,0.021505985409021378,,human
CCDC47,,,,,,,0.02141515165567398,0.02141515165567398,0.02141515165567398,,human
PPAT,,,,,,,0.0212395042181015,0.0212395042181015,0.0212395042181015,,human
KNOP1,,,,,,,0.0209797453135252,0.0209797453135252,0.0209797453135252,,human
MEF2C,,,,,,,0.02081795036792755,0.02081795036792755,0.02081795036792755,,human
NME7,,,,,,,0.02079618163406849,0.02079618163406849,0.02079618163406849,,human
OTUD6B,,,,,,,0.02066786400973797,0.02066786400973797,0.02066786400973797,,human
MFAP1,,,,,,,0.020531360059976578,0.020531360059976578,0.020531360059976578,,human
TATDN1,,,,,,,0.020468277856707573,0.020468277856707573,0.020468277856707573,,human
TOB2,,,,,,,0.020354177802801132,0.020354177802801132,0.020354177802801132,,human
MNS1,,,,,,,0.02034248597919941,0.02034248597919941,0.02034248597919941,,human
MALSU1,,,,,,,0.02029521018266678,0.02029521018266678,0.02029521018266678,,human
SNORD6,,,,,,,0.02021930366754532,0.02021930366754532,0.02021930366754532,,human
RUVBL1,,,,,,,0.02002906985580921,0.02002906985580921,0.02002906985580921,,human
EIF5B,,,,,,,0.019917137920856476,0.019917137920856476,0.019917137920856476,,human
LOC100129518,,,,,,,0.019878936931490898,0.019878936931490898,0.019878936931490898,,human
LYRM2,,,,,,,0.01944972760975361,0.01944972760975361,0.01944972760975361,,human
TPX2,,,,,,,0.019447878003120422,0.019447878003120422,0.019447878003120422,,human
SF3B6,,,,,,,0.019430141896009445,0.019430141896009445,0.019430141896009445,,human
SNORD50A,,,,,,,0.019306588917970657,0.019306588917970657,0.019306588917970657,,human
ROBO2,,,,,,,0.019154341891407967,0.019154341891407967,0.019154341891407967,,human
PGAM4,,,,,,,0.01906140148639679,0.01906140148639679,0.01906140148639679,,human
SNORD79,,,,,,,0.019021907821297646,0.019021907821297646,0.019021907821297646,,human
LGALSL,,,,,,,0.01899317093193531,0.01899317093193531,0.01899317093193531,,human
MRPL20,,,,,,,0.018867062404751778,0.018867062404751778,0.018867062404751778,,human
SRSF1,,,,,,,0.018829122185707092,0.018829122185707092,0.018829122185707092,,human
MIR1307,,,,,,,0.01843305304646492,0.01843305304646492,0.01843305304646492,,human
SNRNP27,,,,,,,0.018367161974310875,0.018367161974310875,0.018367161974310875,,human
LARS,,,,,,,0.018337266519665718,0.018337266519665718,0.018337266519665718,,human
TIMM17A,,,,,,,0.018327932804822922,0.018327932804822922,0.018327932804822922,,human
CBX5,,,,,,,0.01822989247739315,0.01822989247739315,0.01822989247739315,,human
LDB1,,,,,,,0.0182196032255888,0.0182196032255888,0.0182196032255888,,human
SSR1,,,,,,,0.018172292038798332,0.018172292038798332,0.018172292038798332,,human
FABP5P3,,,,,,,0.018097175285220146,0.018097175285220146,0.018097175285220146,,human
EIF2S1,,,,,,,0.017895318567752838,0.017895318567752838,0.017895318567752838,,human
VDAC3,,,,,,,0.017876720055937767,0.017876720055937767,0.017876720055937767,,human
PARL,,,,,,,0.01781543716788292,0.01781543716788292,0.01781543716788292,,human
PSMA4,,,,,,,0.01755795255303383,0.01755795255303383,0.01755795255303383,,human
NIT2,,,,,,,0.017530541867017746,0.017530541867017746,0.017530541867017746,,human
NSMCE2,,,,,,,0.017492327839136124,0.017492327839136124,0.017492327839136124,,human
RRN3,,,,,,,0.017490094527602196,0.017490094527602196,0.017490094527602196,,human
EIF3I,,,,,,,0.01748184859752655,0.01748184859752655,0.01748184859752655,,human
SLC43A3,,,,,,,0.017418885603547096,0.017418885603547096,0.017418885603547096,,human
NOP16,,,,,,,0.017379892989993095,0.017379892989993095,0.017379892989993095,,human
SMA4,,,,,,,0.017178749665617943,0.017178749665617943,0.017178749665617943,,human
PTCD3,,,,,,,0.017131388187408447,0.017131388187408447,0.017131388187408447,,human
CBR4,,,,,,,0.01699012517929077,0.01699012517929077,0.01699012517929077,,human
SNHG4,,,,,,,0.016910821199417114,0.016910821199417114,0.016910821199417114,,human
MIS18A,,,,,,,0.016847340390086174,0.016847340390086174,0.016847340390086174,,human
KIAA0020,,,,,,,0.01683303713798523,0.01683303713798523,0.01683303713798523,,human
GALC,,,,,,,0.01680746115744114,0.01680746115744114,0.01680746115744114,,human
LMNB1,,,,,,,0.016700472682714462,0.016700472682714462,0.016700472682714462,,human
NHP2L1,,,,,,,0.016658831387758255,0.016658831387758255,0.016658831387758255,,human
SNORD74,,,,,,,0.016654400154948235,0.016654400154948235,0.016654400154948235,,human
DNA2,,,,,,,0.01661527529358864,0.01661527529358864,0.01661527529358864,,human
SCAF4,,,,,,,0.016614073887467384,0.016614073887467384,0.016614073887467384,,human
PSMC5,,,,,,,0.016470592468976974,0.016470592468976974,0.016470592468976974,,human
LRRFIP2,,,,,,,0.016439704224467278,0.016439704224467278,0.016439704224467278,,human
SNRNP48,,,,,,,0.01641795039176941,0.01641795039176941,0.01641795039176941,,human
CERS6,,,,,,,0.016408637166023254,0.016408637166023254,0.016408637166023254,,human
HIST2H4B,,,,,,,0.016331249848008156,0.016331249848008156,0.016331249848008156,,human
ZFAS1,,,,,,,-0.12483979761600494,-0.12483979761600494,-0.12483979761600494,,human
LOC100288114,,,,,,,-0.09886806458234787,-0.09886806458234787,-0.09886806458234787,,human
RNF113A,,,,,,,-0.09010261297225952,-0.09010261297225952,-0.09010261297225952,,human
ARHGDIB,,,,,,,-0.08816298842430115,-0.08816298842430115,-0.08816298842430115,,human
BCAS4,,,,,,,-0.07515408098697662,-0.07515408098697662,-0.07515408098697662,,human
HMGN5,,,,,,,-0.07486097514629364,-0.07486097514629364,-0.07486097514629364,,human
ESD,,,,,,,-0.07481592893600464,-0.07481592893600464,-0.07481592893600464,,human
LOC642236,,,,,,,-0.06930994242429733,-0.06930994242429733,-0.06930994242429733,,human
NBPF20,,,,,,,-0.0688595250248909,-0.0688595250248909,-0.0688595250248909,,human
NAP1L1,,,,,,,-0.06464698910713196,-0.06464698910713196,-0.06464698910713196,,human
PDCD4,,,,,,,-0.06442363560199738,-0.06442363560199738,-0.06442363560199738,,human
CD226,,,,,,,-0.063080795109272,-0.063080795109272,-0.063080795109272,,human
SSB,,,,,,,-0.05952692776918411,-0.05952692776918411,-0.05952692776918411,,human
TMSB4X,,,,,,,-0.05943720415234566,-0.05943720415234566,-0.05943720415234566,,human
RCN1,,,,,,,-0.057543449103832245,-0.057543449103832245,-0.057543449103832245,,human
ADAM10,,,,,,,-0.05725221708416939,-0.05725221708416939,-0.05725221708416939,,human
RPL39L,,,,,,,-0.05714426189661026,-0.05714426189661026,-0.05714426189661026,,human
NOSTRIN,,,,,,,-0.056459203362464905,-0.056459203362464905,-0.056459203362464905,,human
TMSB4XP6,,,,,,,-0.05609092861413956,-0.05609092861413956,-0.05609092861413956,,human
BTK,,,,,,,-0.05212148278951645,-0.05212148278951645,-0.05212148278951645,,human
RPS26P11,,,,,,,-0.051157671958208084,-0.051157671958208084,-0.051157671958208084,,human
UBE2V1,,,,,,,-0.051018934696912766,-0.051018934696912766,-0.051018934696912766,,human
PPHLN1,,,,,,,-0.05076712742447853,-0.05076712742447853,-0.05076712742447853,,human
SMG1P7,,,,,,,-0.050567369908094406,-0.050567369908094406,-0.050567369908094406,,human
KDR,,,,,,,-0.04974711313843727,-0.04974711313843727,-0.04974711313843727,,human
HIST1H2BM,,,,,,,-0.049655620008707047,-0.049655620008707047,-0.049655620008707047,,human
SMARCA5,,,,,,,-0.04960209131240845,-0.04960209131240845,-0.04960209131240845,,human
EIF1AX,,,,,,,-0.048025112599134445,-0.048025112599134445,-0.048025112599134445,,human
PECAM1,,,,,,,-0.04697882756590843,-0.04697882756590843,-0.04697882756590843,,human
LOC100289511,,,,,,,-0.04660097137093544,-0.04660097137093544,-0.04660097137093544,,human
SMG1P5,,,,,,,-0.04631955549120903,-0.04631955549120903,-0.04631955549120903,,human
PFN1P2,,,,,,,-0.04606495052576065,-0.04606495052576065,-0.04606495052576065,,human
ARHGEF6,,,,,,,-0.04462837055325508,-0.04462837055325508,-0.04462837055325508,,human
TBC1D15,,,,,,,-0.0437980592250824,-0.0437980592250824,-0.0437980592250824,,human
SNORA33,,,,,,,-0.043481338769197464,-0.043481338769197464,-0.043481338769197464,,human
HBE1,,,,,,,-0.04198385030031204,-0.04198385030031204,-0.04198385030031204,,human
SLC38A1,,,,,,,-0.039776142686605453,-0.039776142686605453,-0.039776142686605453,,human
RSU1,,,,,,,-0.03977295383810997,-0.03977295383810997,-0.03977295383810997,,human
DNAJC15,,,,,,,-0.03911960870027542,-0.03911960870027542,-0.03911960870027542,,human
RAB1A,,,,,,,-0.03894124925136566,-0.03894124925136566,-0.03894124925136566,,human
HNRNPH3,,,,,,,-0.03866160288453102,-0.03866160288453102,-0.03866160288453102,,human
HNRNPA1P6,,,,,,,-0.03851491957902908,-0.03851491957902908,-0.03851491957902908,,human
HDAC2,,,,,,,-0.03814151510596275,-0.03814151510596275,-0.03814151510596275,,human
LOC100506990,,,,,,,-0.037857335060834885,-0.037857335060834885,-0.037857335060834885,,human
LOC728323,,,,,,,-0.03674384579062462,-0.03674384579062462,-0.03674384579062462,,human
STXBP5,,,,,,,-0.036618031561374664,-0.036618031561374664,-0.036618031561374664,,human
RSF1,,,,,,,-0.03612921014428139,-0.03612921014428139,-0.03612921014428139,,human
SKA2,,,,,,,-0.03535350784659386,-0.03535350784659386,-0.03535350784659386,,human
FAR2,,,,,,,-0.03531058505177498,-0.03531058505177498,-0.03531058505177498,,human
CTSL,,,,,,,-0.034831129014492035,-0.034831129014492035,-0.034831129014492035,,human
TAF9B,,,,,,,-0.034401386976242065,-0.034401386976242065,-0.034401386976242065,,human
FLI1,,,,,,,-0.03401549905538559,-0.03401549905538559,-0.03401549905538559,,human
NOL7,,,,,,,-0.03383190184831619,-0.03383190184831619,-0.03383190184831619,,human
SSBP1,,,,,,,-0.03364229574799538,-0.03364229574799538,-0.03364229574799538,,human
YEATS4,,,,,,,-0.03352738544344902,-0.03352738544344902,-0.03352738544344902,,human
NBPF19,,,,,,,-0.03350592777132988,-0.03350592777132988,-0.03350592777132988,,human
PDXDC2P,,,,,,,-0.032690729945898056,-0.032690729945898056,-0.032690729945898056,,human
CCDC173,,,,,,,-0.032593339681625366,-0.032593339681625366,-0.032593339681625366,,human
UPF3B,,,,,,,-0.03241465985774994,-0.03241465985774994,-0.03241465985774994,,human
UBE2D3,,,,,,,-0.03221363574266434,-0.03221363574266434,-0.03221363574266434,,human
LRMP,,,,,,,-0.032174691557884216,-0.032174691557884216,-0.032174691557884216,,human
VBP1,,,,,,,-0.03194021061062813,-0.03194021061062813,-0.03194021061062813,,human
RPSAP15,,,,,,,-0.03191355988383293,-0.03191355988383293,-0.03191355988383293,,human
CD164,,,,,,,-0.03181198611855507,-0.03181198611855507,-0.03181198611855507,,human
STAG2,,,,,,,-0.031397998332977295,-0.031397998332977295,-0.031397998332977295,,human
RPSAP19,,,,,,,-0.03014727309346199,-0.03014727309346199,-0.03014727309346199,,human
SLTM,,,,,,,-0.029523303732275963,-0.029523303732275963,-0.029523303732275963,,human
OGT,,,,,,,-0.029025357216596603,-0.029025357216596603,-0.029025357216596603,,human
FREM1,,,,,,,-0.028784984722733498,-0.028784984722733498,-0.028784984722733498,,human
ANP32C,,,,,,,-0.02859474904835224,-0.02859474904835224,-0.02859474904835224,,human
PSMD6,,,,,,,-0.02857649140059948,-0.02857649140059948,-0.02857649140059948,,human
THOC2,,,,,,,-0.02855302393436432,-0.02855302393436432,-0.02855302393436432,,human
OSBPL8,,,,,,,-0.02838660404086113,-0.02838660404086113,-0.02838660404086113,,human
UBE2F,,,,,,,-0.02829209715127945,-0.02829209715127945,-0.02829209715127945,,human
BCCIP,,,,,,,-0.0279245525598526,-0.0279245525598526,-0.0279245525598526,,human
SNORD82,,,,,,,-0.027908142656087875,-0.027908142656087875,-0.027908142656087875,,human
MYCT1,,,,,,,-0.027832334861159325,-0.027832334861159325,-0.027832334861159325,,human
HSP90AA2,,,,,,,-0.027583595365285873,-0.027583595365285873,-0.027583595365285873,,human
FDFT1,,,,,,,-0.027167120948433876,-0.027167120948433876,-0.027167120948433876,,human
SUB1,,,,,,,-0.02713255025446415,-0.02713255025446415,-0.02713255025446415,,human
MPDZ,,,,,,,-0.027104923501610756,-0.027104923501610756,-0.027104923501610756,,human
HTATSF1,,,,,,,-0.027072345837950706,-0.027072345837950706,-0.027072345837950706,,human
RGPD6,,,,,,,-0.026917068287730217,-0.026917068287730217,-0.026917068287730217,,human
NPIPB9,,,,,,,-0.026870043948292732,-0.026870043948292732,-0.026870043948292732,,human
MEIS1,,,,,,,-0.02665824256837368,-0.02665824256837368,-0.02665824256837368,,human
CHCHD7,,,,,,,-0.0265191700309515,-0.0265191700309515,-0.0265191700309515,,human
GLA,,,,,,,-0.02640649303793907,-0.02640649303793907,-0.02640649303793907,,human
GNAI1,,,,,,,-0.026289742439985275,-0.026289742439985275,-0.026289742439985275,,human
LUC7L3,,,,,,,-0.0257598664611578,-0.0257598664611578,-0.0257598664611578,,human
WBP5,,,,,,,-0.025674134492874146,-0.025674134492874146,-0.025674134492874146,,human
TMEM97,,,,,,,-0.02555922232568264,-0.02555922232568264,-0.02555922232568264,,human
ARHGAP21,,,,,,,-0.025471318513154984,-0.025471318513154984,-0.025471318513154984,,human
DDX3X,,,,,,,-0.02545703575015068,-0.02545703575015068,-0.02545703575015068,,human
CLK1,,,,,,,-0.02531142346560955,-0.02531142346560955,-0.02531142346560955,,human
SEPT11,,,,,,,-0.025277160108089447,-0.025277160108089447,-0.025277160108089447,,human
DOCK11,,,,,,,-0.02525034360587597,-0.02525034360587597,-0.02525034360587597,,human
PDHA1,,,,,,,-0.02442016452550888,-0.02442016452550888,-0.02442016452550888,,human
CBWD6,,,,,,,-0.02425260841846466,-0.02425260841846466,-0.02425260841846466,,human
PTPN12,,,,,,,-0.024206675589084625,-0.024206675589084625,-0.024206675589084625,,human
LAMP2,,,,,,,-0.024016067385673523,-0.024016067385673523,-0.024016067385673523,,human
CD46,,,,,,,-0.02395724505186081,-0.02395724505186081,-0.02395724505186081,,human
NSRP1,,,,,,,-0.023946993052959442,-0.023946993052959442,-0.023946993052959442,,human
M6PR,,,,,,,-0.023379268124699593,-0.023379268124699593,-0.023379268124699593,,human
SMC3,,,,,,,-0.023218145594000816,-0.023218145594000816,-0.023218145594000816,,human
PTPN11,,,,,,,-0.023202700540423393,-0.023202700540423393,-0.023202700540423393,,human
RSL1D1,,,,,,,-0.023058241233229637,-0.023058241233229637,-0.023058241233229637,,human
TPR,,,,,,,-0.02294187992811203,-0.02294187992811203,-0.02294187992811203,,human
DNTTIP2,,,,,,,-0.022913577035069466,-0.022913577035069466,-0.022913577035069466,,human
ATRX,,,,,,,-0.02288065478205681,-0.02288065478205681,-0.02288065478205681,,human
ZNF711,,,,,,,-0.02263106219470501,-0.02263106219470501,-0.02263106219470501,,human
SNORD73A,,,,,,,-0.0226078312844038,-0.0226078312844038,-0.0226078312844038,,human
SNORD116-22,,,,,,,-0.0226016603410244,-0.0226016603410244,-0.0226016603410244,,human
TNIK,,,,,,,-0.022320041432976723,-0.022320041432976723,-0.022320041432976723,,human
RGPD2,,,,,,,-0.022298119962215424,-0.022298119962215424,-0.022298119962215424,,human
CENPF,,,,,,,-0.022138291969895363,-0.022138291969895363,-0.022138291969895363,,human
SKIL,,,,,,,-0.022062189877033234,-0.022062189877033234,-0.022062189877033234,,human
LOC399491,,,,,,,-0.022014431655406952,-0.022014431655406952,-0.022014431655406952,,human
CHPT1,,,,,,,-0.021938506513834,-0.021938506513834,-0.021938506513834,,human
FAM133DP,,,,,,,-0.021885693073272705,-0.021885693073272705,-0.021885693073272705,,human
HSD17B11,,,,,,,-0.021799946203827858,-0.021799946203827858,-0.021799946203827858,,human
HNRNPA3,,,,,,,-0.021748479455709457,-0.021748479455709457,-0.021748479455709457,,human
PCM1,,,,,,,-0.021726315841078758,-0.021726315841078758,-0.021726315841078758,,human
CHD2,,,,,,,-0.021685786545276642,-0.021685786545276642,-0.021685786545276642,,human
SMC1A,,,,,,,-0.021609360352158546,-0.021609360352158546,-0.021609360352158546,,human
NIPSNAP3A,,,,,,,-0.021293729543685913,-0.021293729543685913,-0.021293729543685913,,human
SYAP1,,,,,,,-0.021286554634571075,-0.021286554634571075,-0.021286554634571075,,human
RBM8A,,,,,,,-0.021164540201425552,-0.021164540201425552,-0.021164540201425552,,human
ROCK1,,,,,,,-0.021113911643624306,-0.021113911643624306,-0.021113911643624306,,human
IL6ST,,,,,,,-0.020884115248918533,-0.020884115248918533,-0.020884115248918533,,human
TPT1-AS1,,,,,,,-0.020746417343616486,-0.020746417343616486,-0.020746417343616486,,human
ABCB7,,,,,,,-0.020679814741015434,-0.020679814741015434,-0.020679814741015434,,human
SMC2,,,,,,,-0.020628223195672035,-0.020628223195672035,-0.020628223195672035,,human
CPED1,,,,,,,-0.020559366792440414,-0.020559366792440414,-0.020559366792440414,,human
PSMA2,,,,,,,-0.02046194300055504,-0.02046194300055504,-0.02046194300055504,,human
TEC,,,,,,,-0.020448949187994003,-0.020448949187994003,-0.020448949187994003,,human
CCDC91,,,,,,,-0.020437203347682953,-0.020437203347682953,-0.020437203347682953,,human
ABI1,,,,,,,-0.020428374409675598,-0.020428374409675598,-0.020428374409675598,,human
MED14,,,,,,,-0.020417332649230957,-0.020417332649230957,-0.020417332649230957,,human
AKT3,,,,,,,-0.020292703062295914,-0.020292703062295914,-0.020292703062295914,,human
LINC00216,,,,,,,-0.01997097209095955,-0.01997097209095955,-0.01997097209095955,,human
STK4,,,,,,,-0.019839132204651833,-0.019839132204651833,-0.019839132204651833,,human
SCYL2,,,,,,,-0.019687123596668243,-0.019687123596668243,-0.019687123596668243,,human
SNORA25,,,,,,,-0.019590621814131737,-0.019590621814131737,-0.019590621814131737,,human
KIF5B,,,,,,,-0.01938377320766449,-0.01938377320766449,-0.01938377320766449,,human
SPTBN1,,,,,,,-0.019329722970724106,-0.019329722970724106,-0.019329722970724106,,human
HAT1,,,,,,,-0.019324185326695442,-0.019324185326695442,-0.019324185326695442,,human
PRPF40A,,,,,,,-0.0193215012550354,-0.0193215012550354,-0.0193215012550354,,human
MAGT1,,,,,,,-0.019285989925265312,-0.019285989925265312,-0.019285989925265312,,human
SSFA2,,,,,,,-0.019199898466467857,-0.019199898466467857,-0.019199898466467857,,human
SP1,,,,,,,-0.019163910299539566,-0.019163910299539566,-0.019163910299539566,,human
COMMD3-BMI1,,,,,,,-0.019074562937021255,-0.019074562937021255,-0.019074562937021255,,human
CAT,,,,,,,-0.019073564559221268,-0.019073564559221268,-0.019073564559221268,,human
MDM4,,,,,,,-0.019066352397203445,-0.019066352397203445,-0.019066352397203445,,human
TSPAN6,,,,,,,-0.018928738310933113,-0.018928738310933113,-0.018928738310933113,,human
GGH,,,,,,,-0.01866326667368412,-0.01866326667368412,-0.01866326667368412,,human
PPWD1,,,,,,,-0.018628839403390884,-0.018628839403390884,-0.018628839403390884,,human
SREK1,,,,,,,-0.01856182888150215,-0.01856182888150215,-0.01856182888150215,,human
UFC1,,,,,,,-0.018539829179644585,-0.018539829179644585,-0.018539829179644585,,human
ATF7IP,,,,,,,-0.018483014777302742,-0.018483014777302742,-0.018483014777302742,,human
NUF2,,,,,,,-0.018041249364614487,-0.018041249364614487,-0.018041249364614487,,human
ACP1,,,,,,,-0.017941350117325783,-0.017941350117325783,-0.017941350117325783,,human
IFT20,,,,,,,-0.017924798652529716,-0.017924798652529716,-0.017924798652529716,,human
SRSF6,,,,,,,-0.01783650740981102,-0.01783650740981102,-0.01783650740981102,,human
ZSWIM6,,,,,,,-0.017828969284892082,-0.017828969284892082,-0.017828969284892082,,human
JAK1,,,,,,,-0.017767544835805893,-0.017767544835805893,-0.017767544835805893,,human
PSMD1,,,,,,,-0.017654186114668846,-0.017654186114668846,-0.017654186114668846,,human
MAP4K5,,,,,,,-0.017648013308644295,-0.017648013308644295,-0.017648013308644295,,human
KLHL24,,,,,,,-0.017504077404737473,-0.017504077404737473,-0.017504077404737473,,human
PDCD10,,,,,,,-0.017369888722896576,-0.017369888722896576,-0.017369888722896576,,human
SMCHD1,,,,,,,-0.01725003495812416,-0.01725003495812416,-0.01725003495812416,,human
HP1BP3,,,,,,,-0.01719614304602146,-0.01719614304602146,-0.01719614304602146,,human
GCC2,,,,,,,-0.016908613964915276,-0.016908613964915276,-0.016908613964915276,,human
SNORD116-21,,,,,,,-0.016874440014362335,-0.016874440014362335,-0.016874440014362335,,human
KIAA1143,,,,,,,-0.016871465370059013,-0.016871465370059013,-0.016871465370059013,,human
FAM133CP,,,,,,,-0.016863534227013588,-0.016863534227013588,-0.016863534227013588,,human
CR1L,,,,,,,-0.016858387738466263,-0.016858387738466263,-0.016858387738466263,,human
CENPE,,,,,,,-0.01685185730457306,-0.01685185730457306,-0.01685185730457306,,human
MKI67,,,,,,,-0.01678878627717495,-0.01678878627717495,-0.01678878627717495,,human
POLA1,,,,,,,-0.01669621467590332,-0.01669621467590332,-0.01669621467590332,,human
SDCCAG8,,,,,,,-0.01664034277200699,-0.01664034277200699,-0.01664034277200699,,human
UTRN,,,,,,,-0.01661793701350689,-0.01661793701350689,-0.01661793701350689,,human
MMRN1,,,,,,,-0.016551731154322624,-0.016551731154322624,-0.016551731154322624,,human
IFIT1,,,,,,,-0.01647254265844822,-0.01647254265844822,-0.01647254265844822,,human
SERP1,,,,,,,-0.01645810715854168,-0.01645810715854168,-0.01645810715854168,,human
STXBP3,,,,,,,-0.016448549926280975,-0.016448549926280975,-0.016448549926280975,,human
PRTG,,,,,,,-0.016419436782598495,-0.016419436782598495,-0.016419436782598495,,human
